33430.849
33431.417
33431.985
 33432.548500000004
 33433.3615
 33434.941999999995
 33436.5175
 33438.0775
 33441.1465
 33444.213
 33447.276
 33451.8425
 33455.6615
 33459.4795
 33464.5435
 33469.61
 33474.6915
 33479.917
 33485.136
 33490.21000000001
 33495.281
 33500.3685
 33505.4655
 33510.55
 33515.6345
 33520.734
 33525.817500000005
 33530.9265
 33536.037
 33541.104
 33546.168999999994
 33551.2375
 33556.3125
 33561.383
 33566.4535
 33571.523499999996
 33576.5935
 33581.6655
 33586.731499999994
 33591.795
 33596.8595
 33601.9295
 33606.9995
 33612.0645
 33617.165
 33622.2855
 33627.4225
 33631.2875
 33635.099
 33640.1625
 33645.224
 33650.285
 33655.35400000001
 33660.4285
 33665.504
 33670.5745
 33675.6415
 33680.708
 33685.776
 33690.85
 33695.9605
 33701.0955
 33706.1955
 33711.307499999995
 33716.4125
 33721.4805]) 
 
 7697.1830986010145
 10403.1690140973
 22779.929577492803
 10116.279069747427
 9970.00937211365
 11758.834765972268
 11534.531693464469
 11558.894813408579
 18626.50306746471
 10430.029154532815
 13182.399213374929
 16885.68608093992
 20254.178002358025
 13733.557179532612
 12616.781836124506
 14227.70323599249
 14329.735034344125
 12530.993278566639
 14112.750885472178
 13869.52230556955
 14870.173364851487
 13916.061972950325
 18048.08635917154
 12271.580607014894
 13561.923454363929
 12601.489028214746
 13306.932648622247
 13251.794374396784
 13675.483616268284
 13745.856353593055
 12552.943500597414
 8256.94581280078
 12698.916256164917
 12823.332017373506
 13302.463054175749
 12527.344521236324
 10991.527093586605
 11718.682185845024
 12628.283626303722
 11351.105845185068
 13089.437314900202
 11627.58620690322
 9039.8815399761
 11906.61401776353
 10516.744548289465
 11354.554358464966
 24285.355000993557
 13439.281530644148
 11872.184907155828
 9929.31885488191
 11287.26769474711
 11206.753554489616
 10488.56917619127
 10396.650246311381
 10660.362490147769
 11531.88548864228
 10263.562832914267
 9862.75671406298
 11724.369085173232
 10671.788810084725
 10228.765792022998
 9766.439024390244
 12181.280788184326
 10380.850650616581
 10025.489033784792
 8457.142857147706])

33430.9125
 33431.4805
 33432.042499999996
 33432.608
 33433.179000000004
 33433.7505
 33434.3875
 33435.0205
 33435.5855
 33436.154
 33438.970499999996
 33444.0365
 33449.106499999994
 33454.176999999996
 33457.175
 33458.086
 33458.987
 33459.894499999995
 33460.8015
 33461.7145
 33462.632
 33463.536
 33464.432
 33465.334
 33466.2375
 33467.5565
 33469.29
 33471.058000000005
 33472.8245
 33474.5585
 33476.2935
 33479.841
 33485.0655
 33488.894499999995
 33491.4935
 33494.091
 33496.662
 33498.606499999994
 33499.9595
 33501.31
 33502.629499999995
 33503.9495
 33505.260500000004
 33506.5735
 33507.90700000001
 33509.2375
 33510.551
 33511.869000000006
 33513.1855
 33514.5
 33515.8155
 33517.1315
 33518.448000000004
 33519.786
 33521.1225
 33522.437000000005
 33523.754499999995
 33525.0705
 33526.39
 33527.507
 33528.4145
 33529.32
 33530.2225
 33531.1265
 33532.035
 33532.9425
 33533.842
 33534.735499999995
 33535.6345
 33536.5355
 33537.6425
 33538.9635
 33540.284499999994
 33541.6005
 33542.9165
 33544.238
 33545.564
 33546.885500000004
 33548.2065
 33549.5325
 33550.85400000001
 33552.17
 33553.486000000004
 33554.807
 33556.130000000005
 33557.466
 33559.004499999995
 33560.7345
 33562.4695
 33564.2045
 33565.9395
 33567.6745
 33568.936
 33569.736000000004
 33570.533500000005
 33571.320999999996
 33572.1085
 33572.914000000004
 33573.756
 33574.5735
 33575.357
 33576.145
 33576.928
 33578.601500000004
 33581.1685
 33583.7325
 33586.3
 33588.04
 33588.947499999995
 33589.878
 33590.8055
 33591.7095
 33592.617
 33593.5245
 33594.433000000005
 33595.3405
 33596.248
 33597.1515
 33598.282999999996
 33599.6275
 33600.947499999995
 33602.2855
 33603.6265
 33604.943
 33606.3055
 33607.6695
 33608.7755
 33609.678
 33610.591
 33611.503
 33612.409
 33613.3165
 33614.2195
 33615.131
 33616.039000000004
 33616.934
 33617.835
 33618.952999999994
 33620.274
 33621.587499999994
 33622.903
 33624.2305
 33625.557499999995
 33626.875
 33627.926999999996
 33628.711500000005
 33629.526
 33630.3385
 33631.1175
 33631.8955
 33632.68
 33633.4625
 33634.241500000004
 33635.0215
 33635.8245
 33636.627
 33637.408500000005
 33638.7495
 33640.5985
 33642.3615
 33644.0915
 33645.825
 33647.555
 33648.957500000004
 33650.0465
 33651.127
 33652.191999999995
 33653.259999999995
 33654.327999999994
 33655.395000000004
 33656.461
 33657.5575
 33658.569
 33659.475999999995
 33660.383499999996
 33661.2835
 33662.2075
 33663.133
 33664.033500000005
 33664.9365
 33665.839
 33666.7405
 33667.662500000006
 33668.998999999996
 33670.734
 33672.469
 33674.199
 33675.9285
 33677.6685
 33678.9355
 33679.718
 33680.5
 33681.288
 33682.076
 33682.8865
 33683.714
 33684.5185
 33685.301999999996
 33686.08500000001
 33686.8675
 33687.69
 33688.781
 33690.092000000004
 33691.4055
 33692.7575
 33694.116
 33695.443
 33696.761
 33698.191999999995
 33699.621
 33700.9405
 33702.2725
 33703.600999999995
 33704.9215
 33706.261
 33707.602
 33708.658
 33709.4455
 33710.228
 33711.011
 33711.799
 33712.586500000005
 33713.372
 33714.155
 33714.94
 33715.739499999996
 33716.537
 33717.323
 33718.1115
 33719.3725
 33721.1065
 33722.8415
 33724.575
 
  7603.47826090805
 18942.95900173143
 14602.131438671317
 9955.985915505202
 11027.874564449865
 7571.177504351849
 8862.411347587244
 22932.26381455489
 9683.655535974625
 13524.647887340576
 14177.295162896376
 14634.695085841713
 16670.80622906669
 15435.082872908144
 17428.879310347013
 21524.60850111296
 16294.05286351133
 5303.197353918426
 11687.982359436433
 13212.187159932206
 12133.187772959689
 9065.022421452495
 12805.555555638375
 16011.061946862448
 14965.66998895185
 10093.371757921686
 18626.443417975046
 11570.95343682987
 14741.46905726399
 12280.046003440393
 18958.40554592976
 12512.304250556026
 14104.424778763483
 13410.415856993584
 15168.761904761905
 15549.027237355847
 13848.367029548363
 9122.247532251362
 17916.486681028724
 13709.603658556656
 8977.392614937808
 17367.09824826096
 7622.61268142977
 34636.29460888781
 13537.777777792371
 11581.23569799141
 12472.64437684122
 9559.848484850592
 16335.110434186958
 13974.164133673085
 9444.866920187627
 19554.290053110482
 7389.057750766088
 11464.705882348035
 19079.20792076417
 10602.58358663505
 12855.951478433002
 16902.513328231176
 11794.11764705054
 12525.330396433215
 18008.82028667434
 12028.761062013511
 7568.257491631422
 18082.690187446176
 13395.60439566009
 12511.602209960845
 17552.57270693055
 8767.077267601177
 11941.43646410376
 17136.00891867099
 9047.076689426916
 17757.73584909561
 15440.394836718116
 9896.577946750538
 15529.233105596435
 14854.449472086098
 11319.758672691898
 15341.685649170864
 6513.962264165251
 10336.850037641794
 9452.887538001865
 5953.647416418377
 9816.10942250065
 8987.933634986146
 15333.333333336714
 14693.047337289492
 12456.811594213406
 11186.74351584639
 15136.023054749965
 10630.54755042871
 15378.097982703775
 10047.262247835246
 18524.111675115957
 6181.034482773242
 14800.76628346659
 4945.707070744509
 20813.537675524636
 18288.6473429656
 8253.504672899442
 11234.916559659172
 4733.502538111975
 17607.868020294165
 11654.241645158767
 11271.701051010738
 11566.471734882289
 11927.818962144787
 14257.387247277737
 13503.303964820036
 6141.124586554186
 10025.157232649963
 13203.107658186604
 12233.737596482091
 16881.057268665114
 4796.030871007309
 10830.769230814261
 13788.950276260832
 16103.2967032349
 14506.131549654994
 11907.759882853963
 10547.24111869614
 14258.921791921784
 7866.077998547197
 15771.730914540873
 5995.419847338901
 11559.7173144805
 10347.296268073209
 8887.652947743281
 5681.015452521842
 13553.260869590942
 12442.477876074949
 15052.863436192825
 12855.567805964418
 6802.00222465711
 15357.142857158336
 10695.067264576084
 13982.182628046046
 6280.973451362214
 9046.54654653192
 14893.893129797463
 10299.164768391665
 9731.354642324755
 9025.354213271326
 68191.92688489643
 10680.786686837184
 6916.879795403112
 15481.575603481097
 5085.510688854737
 14657.7266921517
 10052.903225881955
 13879.641485227703
 11873.096446693491
 5324.32432431156
 18362.355954013365
 10482.670089828245
 13374.84885131013
 7530.848328993627
 14633.121019178809
 11009.48866633145
 8843.420322010155
 12332.753623198809
 8809.221902014335
 11391.454965382087
 13645.254629607567
 9149.489322212536
 8684.831970916688
 9576.415094360658
 13164.485981311991
 12745.778611645494
 10183.177570096228
 10170.112781899807
 8796.816479406501
 10952.888888888889
 11142.538975578394
 11648.471615660566
 6786.429365980196
 13947.83573809945
 9053.854276662034
 10845.132743335598
 10561.872909646223
 5587.458745876735
 12316.964285805503
 11889.746416673084
 13639.274279643756
 11998.271889420634
 13829.873125688844
 7833.52534563499
 10496.519721565677
 12013.256484145826
 7499.713467068724
 12537.389100058297
 12243.556701062153
 8077.4111675079175
 10158.629441618363
 5361.675126900385
 14354.141656684731
 8864.96350364838
 11447.26810678354
 13612.820512713848
 7508.905852416747
 17645.699615004276
 9585.45034640035
 9496.200607910716
 8521.439509927093
 17546.5556397164
 8653.65148227469
 7928.035981993775
 14979.545454548757
 10028.875379947638
 9005.821474803786
 8747.713414598442
 9727.204220063562
 12278.98279731168
 6475.757575759004
 10507.948523817327
 15638.43888070491
 5890.48338368347
 24736.04060912244
 6119.440914892833
 12598.97172239049
 5232.233502534979
 12347.715736033313
 8565.438373528075
 17232.142857150535
 12273.657289014434
 4947.969543144284
 15223.181257814704
 9142.857142861216
 10845.17766496821
 5401.774397942627
 10053.664166184792
 8648.414985587877
 8882.99711815264
 7657.6212471293775])

 33430.9685
 33431.533500000005
 33432.104999999996
 33432.675
 33433.2425
 33433.812999999995
 33434.445999999996
 33435.077000000005
 33435.6455
 33436.2175
 33436.8015
 33437.3825
 33437.9505
 33438.519
 33439.088
 33439.656
 33440.216499999995
 33440.774999999994
 33441.3615
 33441.9485
 33442.507
 33443.0665
 33443.6315
 33444.205
 33444.7785
 33445.352
 33445.925
 33446.499500000005
 33447.078
 33447.65
 33448.2165
 33448.779500000004
 33449.3395
 33449.898499999996
 33450.4605
 33451.023499999996
 33451.5885
 33452.152
 33452.7155
 33453.284
 33453.857
 33454.43
 33454.9975
 33455.5605
 33456.119999999995
 33456.704
 33457.292
 33457.866500000004
 33458.44
 33459.002
 33459.565
 33460.132
 33460.6955
 33461.26
 33461.8285
 33462.432
 33463.035
 33463.6035
 33464.172
 33464.74
 33465.303499999995
 33465.867
 33466.462
 33467.0555
 33467.622
 33468.197
 33468.770000000004
 33469.3315
 33469.911
 33470.489499999996
 33471.0525
 33471.620500000005
 33472.1835
 33472.745
 33473.3085
 33473.872
 33474.475000000006
 33475.08
 33475.6465
 33476.21
 33476.773499999996
 33477.337
 33477.902
 33478.494999999995
 33479.09299999999
 33479.667
 33480.235499999995
 33480.8035
 33481.372
 33481.939
 33482.517
 33483.0965
 33483.665
 33484.233
 33484.7995
 33485.363
 33485.924
 33486.5125
 33487.105
 33487.673
 33488.2465
 33488.8185
 33489.3815
 33489.952999999994
 33490.5665
 33491.173
 33491.741500000004
 33492.31
 33492.8765
 33493.44
 33494.005
 33494.568
 33495.145000000004
 33495.721999999994
 33496.2865
 33496.856
 33497.4295
 33498.008
 33498.591
 33499.1695
 33499.7385
 33500.307
 33500.873
 33501.436
 33502.001000000004
 33502.5695
 33503.138
 33503.704
 33504.2675
 33504.828
 33505.39200000001
 33505.959
 33506.5265
 33507.0965
 33507.665
 33508.233
 33508.8
 33509.3635
 33509.928
 33510.491500000004
 33511.055
 33511.6185
 33512.182
 33512.7485
 33513.311499999996
 33513.8765
 33514.44
 33515.004
 33515.5675
 33516.1305
 33516.694
 33517.261
 33517.8345
 33518.413
 33518.986000000004
 33519.555
 33520.1285
 33520.691999999995
 33521.255
 33521.822499999995
 33522.386
 33522.948000000004
 33523.5115
 33524.075
 33524.658
 33525.2435
 33525.812
 33526.38
 33526.947
 33527.5155
 33528.106
 33528.714
 33529.3015
 33529.87
 33530.445
 33531.0215
 33531.588
 33532.151
 33532.7145
 33533.282
 33533.8505
 33534.417
 33534.985
 33535.548500000004
 33536.112
 33536.722
 33537.33500000001
 33537.904500000004
 33538.468
 33539.031
 33539.5945
 33540.1605
 33540.728
 33541.291
 33541.8535
 33542.417
 33542.9805
 33543.5435
 33544.1075
 33544.6795
 33545.2485
 33545.813500000004
 33546.3815
 33546.945
 33547.504
 33548.067
 33548.6415
 33549.213
 33549.776
 33550.341
 33550.908500000005
 33551.477
 33552.05
 33552.6235
 33553.192
 33553.755000000005
 33554.313500000004
 33554.877
 33555.445
 33556.0135
 33556.577000000005
 33557.139500000005
 33557.748
 33558.361999999994
 33558.9335
 33559.497
 33560.0605
 33560.6235
 33561.188500000004
 33561.752
 33562.3155
 33562.918999999994
 33563.5225
 33564.0885
 33564.6515
 33565.217
 33565.78049999999
 33566.344
 33566.912
 33567.48
 33568.0495
 33568.616500000004
 33569.1785
 33569.768500000006
 33570.362
 33570.93
 33571.4965
 33572.059
 33572.619
 33573.1835
 33573.7935
 33574.4015
 33574.968
 33575.536
 33576.104
 33576.668
 33577.232
 33577.86
 33578.4885
 33579.062000000005
 33579.647
 33580.2255
 33580.829
 33581.432
 33581.998
 33582.566
 33583.133499999996
 33583.697
 33584.261
 33584.8545
 33585.448000000004
 33586.0155
 33586.579
 33587.143
 33587.706000000006
 33588.272
 33588.864499999996
 33589.45
 33590.014500000005
 33590.578
 33591.141
 33591.7125
 33592.2805
 33592.8805
 33593.484
 33594.079
 33594.6705
 33595.229999999996
 33595.7905
 33596.3565
 33596.9245
 33597.4925
 33598.061
 33598.623999999996
 33599.1875
 33599.756
 33600.33
 33600.9135
 33601.491
 33602.0545
 33602.618
 33603.184
 33603.7475
 33604.313
 33604.921
 33605.529
 33606.098
 33606.6665
 33607.234
 33607.8025
 33608.372
 33608.9715
 33609.5685
 33610.135500000004
 33610.704
 33611.2715
 33611.835
 33612.399
 33612.97749999999
 33613.5545
 33614.117
 33614.682
 33615.251000000004
 33615.814
 33616.3735
 33616.972
 33617.574
 33618.142
 33618.7105
 33619.279
 33619.851500000004
 33620.42
 33620.998999999996
 33621.582
 33622.1505
 33622.719
 33623.3085
 33623.897
 33624.4635
 33625.0265
 33625.5905
 33626.153999999995
 33626.717
 33627.2975
 33627.876000000004
 33628.4405
 33629.024
 33629.6075
 33630.1705
 33630.735499999995
 33631.303
 33631.866
 33632.4305
 33633.024
 33633.6235
 33634.197
 33634.764
 33635.331000000006
 33635.8945
 33636.459
 33637.022
 33637.585
 33638.1835
 33638.782
 33639.35
 33639.9185
 33640.487
 33641.0555
 33641.619
 33642.176999999996
 33642.7405
 33643.309
 33643.883
 33644.461500000005
 33645.081
 33645.694
 33646.26
 33646.8285
 33647.398
 33647.971
 33648.5435
 33649.112
 33649.68
 33650.2485
 33650.818
 33651.408
 33651.995500000005
 33652.5785
 33653.1615
 33653.7285
 33654.301999999996
 33654.875
 33655.4435
 33656.012
 33656.576
 33657.139500000005
 33657.707500000004
 33658.2855
 33658.8635
 33659.432
 33660.0
 33660.59
 33661.1785
 33661.745
 33662.323000000004
 33662.9015
 33663.47
 33664.038
 33664.605500000005
 33665.168000000005
 33665.7325
 33666.327
 33666.945999999996
 33667.534
 33668.095499999996
 33668.659
 33669.2235
 33669.7935
 33670.3615
 33670.928
 33671.4965
 33672.065
 33672.633
 33673.201499999996
 33673.77
 33674.338
 33674.9065
 33675.475
 33676.043
 33676.616500000004
 33677.19
 33677.758
 33678.3255
 33678.888999999996
 33679.453
 33680.0215
 33680.649999999994
 33681.278
 33681.8465
 33682.415
 33683.028999999995
 33683.637
 33684.1995
 33684.768
 33685.336500000005
 33685.905
 33686.473
 33687.041
 33687.629499999995
 33688.218
 33688.781
 33689.3445
 33689.913
 33690.503
 33691.09
 33691.686499999996
 33692.286
 33692.854
 33693.4225
 33693.991
 33694.561
 33695.129
 33695.725999999995
 33696.3295
 33696.907999999996
 33697.486999999994
 33698.058
 33698.6205
 33699.1875
 33699.756
 33700.3225
 33700.891
 33701.459
 33702.0275
 33702.596
 33703.1695
 33703.743
 33704.311
 33704.879
 33705.447
 33706.0205
 33706.594
 33707.191999999995
 33707.7905
 33708.359
 33708.926999999996
 33709.495500000005
 33710.064
 33710.632
 33711.2055
 33711.779
 33712.347
 33712.9155
 33713.51149999999
 33714.1045
 33714.6705
 33715.239
 33715.8055
 33716.399000000005
 33716.994
 33717.562
 33718.1305
 33718.711500000005
 33719.2895
 33719.8605
 33720.439
 33721.012
 33721.5815
 33722.149999999994
 33722.717
 33723.28999999999
 33723.8735
 33724.452
 33725.024999999994
 33725.5985
 
 18132.275132187646
 8380.106571907465
 14174.13793116962
 10098.214285625067
 11008.695652229633
 7611.307420509572
 18325.714285599995
 11183.274021390536
 9582.608695700677
 13500.878734547563
 7529.215358906677
 15754.884547219128
 6633.507853357319
 10122.340425559076
 19181.18466897204
 10725.978647723492
 20014.311270085625
 21672.043010858943
 13982.11382101911
 15973.166368483604
 23062.72401444999
 33707.66488404454
 6985.940246096434
 7650.519031124149
 8455.184534223943
 11813.148788899975
 12202.4647887474
 11151.462994868887
 14890.624999975924
 6753.521126768868
 12999.999999946429
 20331.550802347883
 23284.436493692752
 16221.824686908873
 19099.11504416908
 17841.35472389093
 18493.84885754283
 21159.498207989047
 15609.841827681783
 14339.788732412
 9531.141868490035
 17973.591549317876
 14656.084656013942
 15654.740608401771
 29664.285714023626
 13539.473684206638
 13982.394366214377
 14774.526678184062
 18832.155477068598
 12215.053763341471
 14047.53521128488
 8498.233215564309
 18896.613190679862
 10436.619718322694
 10920.91388408635
 11377.74294672611
 6786.971830907322
 14210.896309417803
 7892.605633812523
 26600.352112708766
 11461.538461515785
 7334.50704226254
 15028.938906679277
 9187.610619431165
 10355.633802829636
 11063.573883258885
 29833.333333028517
 14164.579606596415
 12528.333333211793
 13305.206463352808
 14588.752196755966
 9104.056437345844
 11896.243291568593
 11299.645390101243
 22140.319716018763
 13952.127659431915
 12635.514018695025
 9461.267605645438
 16892.03539837801
 17590.747330793238
 12132.743362938103
 24836.298932147685
 6394.366197190962
 6724.919093906238
 18365.05190307165
 8287.719298249845
 13093.474426744584
 15699.472759139988
 20753.521126786083
 14872.79151946369
 12096.61016956313
 14028.11950783112
 7292.253521135728
 18737.67605636107
 9435.398230049614
 16939.50177941733
 26323.21428582373
 8453.80875194857
 12339.78873240954
 8707.746478883948
 18640.759930982833
 10026.548672525054
 15634.581105329939
 7439.862542927795
 24761.2403099211
 14658.450704243378
 7242.530755764379
 12922.535211283497
 7185.84070793499
 20160.142348823352
 9853.873239448738
 26381.72042989287
 13947.986577234335
 9000.000000044125
 21711.03327482121
 9272.887323955065
 15153.713298845862
 7193.771626280915
 20431.972788998333
 18362.03866445674
 6794.376098380745
 18612.676056360917
 7991.134751794492
 17459.074733155758
 6457.746478798458
 15369.068541412156
 16748.239436640313
 6992.907801437204
 22227.353463512085
 9155.913978420125
 8542.105263162257
 7331.560283707617
 64779.33450129829
 7894.551845299096
 18422.535211290262
 13753.521126777476
 8286.219081288276
 18704.09982169642
 7508.802816910642
 15227.191413207798
 6403.169014092381
 15871.198568841588
 6596.830985923605
 13718.584070739927
 24415.329768521737
 7905.096660764767
 18105.73476711386
 6647.368421056026
 15773.78815078812
 6386.643233708129
 24057.347670368843
 8057.291666653639
 21203.152364141355
 9052.901023957327
 7246.428571364549
 13531.141868651102
 6525.483304006132
 23220.43010764073
 6433.098591557206
 14885.361551956397
 9126.785714323662
 23508.865247986752
 12790.408525876543
 9466.312056640869
 13882.059800688612
 8927.943761049028
 15415.492957765437
 8866.197183109494
 28128.975264711033
 10604.203152433456
 9226.229508187918
 17666.666666673453
 8692.442882201543
 10436.619718322694
 11716.494845463943
 28723.292469173404
 15233.096085461319
 6434.397163137833
 10731.79396088701
 9232.517482515603
 14210.619468967989
 17107.39436621822
 10167.253521139264
 19332.7370303732
 16542.253521147104
 9164.110429421673
 7404.181184662232
 13566.371681534729
 13640.569394887818
 9632.978723430104
 27753.10834839897
 14471.001757389306
 12201.41342758568
 11089.28571418774
 12042.47787621165
 13471.530249156365
 7596.460176959847
 15310.160427766185
 26839.506172710007
 7762.564991368162
 18846.70231723971
 7797.891036963491
 12019.400352675693
 8569.642857178487
 15396.05734754498
 8846.830985926372
 6206.540447522335
 16539.145907529837
 7840.425531935932
 7848.0565370169215
 7724.07732870285
 6343.30985916273
 7615.91695499966
 6033.391915608147
 8723.591549306502
 14270.609319066381
 13196.779964195715
 7994.718309868987
 12267.605633817902
 7760.984182733929
 15870.967742013296
 9594.356260976636
 22192.307692506423
 12833.91003457235
 7391.150442447418
 17604.982206465866
 7350.442477845816
 20080.213903689146
 7014.05975400525
 16103.942652198719
 7615.114235556189
 20285.266457711714
 9179.261862866691
 8097.690941357807
 15385.43516888524
 7836.267605643439
 14116.279069739514
 6647.887323951837
 28871.478872905103
 12753.521126776246
 7621.716287265137
 18074.60035517812
 7880.570409960916
 8108.239095331036
 8012.323943671825
 12390.845070437772
 23681.41592910595
 12203.571428622166
 20082.142857226354
 6848.857644953378
 10852.534562244973
 8304.42477872684
 7147.887323952452
 23170.77464791582
 7823.943661981452
 16191.071428638747
 8297.53521117152
 8719.476744253916
 6734.622144075275
 10058.823529388466
 14525.337837913532
 10959.292035353068
 12214.95327103136
 6627.65957448587
 13656.690140861865
 7286.971830994877
 26620.81128734951
 10787.50000004485
 8450.704225362504
 7489.499192260347
 7336.267605548848
 14156.966490413184
 10932.14285718831
 25103.873239145916
 18256.272401523198
 10747.386759572073
 9116.202946032736
 7989.285714215128
 8945.518453492037
 7953.405017856434
 13130.281690156991
 19297.3913044455
 14155.080213865558
 11560.250391316338
 7658.4507042347705
 8437.299035328717
 8213.90374329335
 9200.716845923245
 23030.195381804195
 15875.21968356784
 13065.255732027017
 9848.857644936807
 10994.718309872676
 17958.78136209522
 9277.680140546288
 7359.154929586514
 20544.827586145042
 7047.700170363342
 12713.028169029718
 7788.908765637542
 11154.929577478506
 8735.81560286032
 20420.95914735484
 7820.422535220885
 12120.370370350773
 7538.732394375468
 7131.578947372062
 14126.984127097248
 8197.18309860163
 8184.5342706050515
 7496.491228074003
 12702.702702686245
 9109.734513236795
 8355.008787406905
 13582.746478889943
 8899.470899427959
 11075.000000046046
 7306.338028177999
 23499.15110356769
 12985.84070791109
 10919.642857188257
 18066.66666667589
 6852.11267597699
 9901.433691804817
 7156.862745078733
 14702.83018871154
 15639.084507061485
 6195.422535218886
 8571.177504346326
 6433.098591557206
 17282.495667319337
 6730.3571428851255
 9648.829431350783
 9075.704225363274
 22393.67311088321
 7357.394366206231
 6996.726677527084
 15083.038869287422
 6289.24162254461
 16139.534883899072
 124458.6994720717
 17378.136200802048
 18195.422535233643
 6382.799325455599
 9590.425531816905
 7536.283185906703
 13166.112956833545
 7578.761061915671
 12663.101604243913
 21377.85588767724
 7821.554770232758
 11451.785714333328
 7574.692442937266
 8165.048543660097
 7120.481927731531
 13547.703180064329
 11748.239436634165
 22528.26855128077
 11543.672014229109
 10315.140845083108
 13195.340501856808
 7260.563380290619
 8893.481716999606
 6334.507042261311
 20586.26760565912
 8193.321616826444
 6963.0281690226475
 12847.100175840234
 7637.992831479071
 8770.609319039417
 7599.297012260306
 13721.830985932367
 14122.413793060929
 12292.89428081589
 9992.447129960325
 6824.468085036655
 9165.49295775775
 7135.325131862019
 8050.877192986567
 32968.749999946696
 10699.47275916761
 6630.281690148999
 7970.070422545013
 8848.85764494233
 7650.877192986362
 9491.803278679467
 24930.973451545753
 6326.1231280946795
 10338.05309730253
 6931.458699523104
 12152.24913491995
 6816.901408459087
 12817.223198523221
 16114.436619738126
 6732.1428571708475
 15389.770723029802
 6319.859402506359
 10442.93015333026
 6811.95079082353
 11718.30985916934
 7066.901408459395
 17151.96078428599
 14461.946902595271
 8359.154929587745
 6506.802721131592
 8514.938488529413
 8730.633802827639
 8250.000000010145
 8444.4444444037
 18784.946236651238
 9865.148861710597
 11493.527508049478
 5937.096774168465
 15895.683453327272
 6952.380952347407
 17067.857142928107
 19808.43585226316
 8640.980735608038
 8392.920353947715
 7413.7323943753145
 17739.894551747344
 7654.929577474202
 10346.830985928216
 5929.701230271539
 17128.521126781627
 7621.47887315118
 7096.660808487397
 11952.464788747093
 5996.4788732468105
 18390.32815182164
 8049.295774657786
 7906.690140854794
 17007.05467385752
 7630.357142789728
 10357.39436620992
 6358.523725880981
 9251.453488346264
 7709.5070422630015
 13797.891036830633
 14669.01408452508
 5492.424242455728
 13106.115107816251
 6490.3339192035555
 9359.154929469085
 7379.613356819856
 11301.056338042066
 20526.40845072947
 14065.140845087719
 13630.54187183129
 8103.873239446585
 7706.09319000194
 6316.344463936988
 12855.63380283271
 18800.653594740845
 10446.619217117555
 15259.904912807206
 6963.0281690226475
 7132.042253529898
 6963.093145831483
 11482.394366211303
 20298.951048946918
 9195.035461017582
 11158.730158776554
 8268.630849151705
 8313.79310352754
 6237.024221438841
 16099.290780185043
 8632.798573951755
 7471.204188430066
 12758.865248261187
 7776.801405932436
 7132.042253529898
 7802.816901418046
 7912.126537843056
 20977.112676082135
 7613.126079379206
 7288.732394375161
 7878.521126770252
 8079.225352122611
 8480.633802827331
 9958.549222833968
 7427.816901417585
 24598.72611448324
 6332.161687216466
 25991.197183130553
 8325.7042252557
 8463.971880553567
 8985.915492968797
 8271.126760573552
 14088.082901428354
 10028.169014096839
 11867.957746493468
 14562.390158278002
 8385.232744788791
 9033.74777972051
 7929.701230184666
 15769.366197202491
 12899.115044194632
 11524.115755705736
 7579.225352121996
 7466.54929578383
 7490.333919115037
 8296.795952771874
 15319.715808118248
 6697.754749592461
 12057.09342557761
 6232.394366204848
 7873.905429123174
 7446.996466445647
 7994.718309868987
 6057.093425591507
 13337.860780986039
 7760.563380291233
 7186.851211056018
 10010.54481541043