30731.426
 30731.994
 30732.567499999997
 30733.3855
 30734.951
 30736.517
 30738.114
 30739.709499999997
 30741.275
 30744.34
 30747.4355
 30750.533
 30755.127999999997
 30758.9755
 30762.795
 30767.86
 30772.93
 30778.004500000003
 30783.095
 30788.212
 30793.3065
 30798.375500000002
 30803.4455
 30808.516
 30813.591500000002
 30818.6665
 30823.743000000002
 30828.8185
 30833.8925
 30838.9675
 30844.042500000003
 30849.1175
 30854.191
 30859.2565
 30864.3185
 30869.388
 30874.4795
 30879.6
 30884.699500000002
 30889.769
 30894.838499999998
 30899.9045
 30904.9745
 30910.0495
 30915.125
 30920.230499999998
 30925.3355
 30930.4055
 30935.5045
 30940.6045
 30945.675499999998
 30950.7465
 30955.832
 30960.921499999997
 30965.9965
 30971.0715
 30976.147
 30981.2175
 30986.283
 30991.353
 30996.449
 31001.5395
 31006.608500000002
 31011.684500000003
 31016.758500000004
 31021.8495 

87562.72401419534
 247728.37370340756
 199513.18101950563
 159441.4245544178
 132812.01550397335
 153643.2584270668
 148771.8720601927
 117167.13615037882
 155203.2913841273
 156978.34645675137
 215440.9967089385
 153486.2340216586
 174141.155798537
 165441.119315953
 166502.17133825077
 163645.33965249755
 161325.6501181737
 174397.79223338148
 166886.84416600838
 180449.47327350045
 158884.85087897943
 174196.05911327552
 169541.55972363712
 165242.90780138812
 176528.6699507136
 161498.32512312956
 153891.4927137365
 166375.3203232696
 160832.70935958286
 174128.66995071396
 156249.45812805643
 180755.6650247342
 151083.79337539084
 163423.206167191
 166014.6100691446
 162041.58454866282
 166426.89371695774
 185085.93141070462
 159738.30669037777
 149410.48895898712
 161609.23623448703
 155003.9486672535
 163958.6206897492
 148988.3743842151
 151831.56028366007
 150048.68549177024
 158099.90147780985
 155192.6949654893
 148870.2513149732
 166575.29109929944
 181347.58620687056
 167938.4251036415
 157694.16144202606
 157197.04433495284
 164058.71921179915
 150596.65024628383
 157959.41686364322
 158311.15498523344
 162767.46940390446
 162221.71856521777
 159022.07893701608
 162796.9583251589
 153579.9014778105
 151458.34154024583
 145999.21120094907
 164145.17706915832])

30731.4885
 30732.0605
 30732.631
 30733.198
 30733.7745
 30734.3575
 30734.936
 30735.514
 30736.0825
 30736.8105
 30737.7335
 30738.661
 30739.5675
 30740.470999999998
 30741.3735
 30742.306
 30743.237999999998
 30744.14
 30745.0375
 30745.9625
 30746.9015
 30747.815000000002
 30748.718999999997
 30749.6215
 30750.5255
 30751.4325
 30752.34
 30753.2455
 30754.1475
 30755.0435
 30755.936
 30756.842
 30758.173
 30759.913
 30761.648
 30763.3825
 30765.116
 30766.8475
 30768.578999999998
 30770.3075
 30772.0375
 30773.7725
 30775.5225
 30777.2725
 30778.5935
 30779.508
 30780.4205
 30781.3255
 30782.2275
 30783.1465
 30784.0645
 30784.9655
 30785.8725
 30786.7795
 30788.105499999998
 30789.8455
 30791.6005
 30793.3555
 30795.0855
 30796.8135
 30798.369
 30799.717
 30801.036500000002
 30802.3675
 30803.695
 30805.0115
 30806.332499999997
 30808.281499999997
 30810.8545
 30813.427
 30815.999499999998
 30818.153
 30819.889000000003
 30821.664
 30823.4375
 30825.1725
 30826.9075
 30828.2555
 30829.1835
 30830.084000000003
 30831.0085
 30831.930500000002
 30832.835
 30833.7425
 30834.65
 30835.5575
 30836.4625
 30837.372000000003
 30838.486
 30839.681
 30840.752500000002
 30841.84
 30842.932
 30844.0075
 30845.084499999997
 30846.161500000002
 30847.238
 30848.4395
 30849.7675
 30851.0855
 30852.395
 30853.746
 30855.102
 30856.421000000002
 30857.744
 30858.9455
 30860.021
 30861.093
 30862.1595
 30863.2315
 30864.3085
 30865.3855
 30866.457000000002
 30867.523500000003
 30868.928
 30870.6675
 30872.404000000002
 30874.1545
 30875.9055
 30877.6405
 30879.0455
 30880.122499999998
 30881.199500000002
 30882.275999999998
 30883.3525
 30884.441
 30885.528
 30886.603499999997
 30887.680500000002
 30889.086000000003
 30890.8205
 30892.5555
 30894.300499999998
 30896.047
 30897.787
 30899.0045
 30899.697500000002
 30900.393
 30901.091
 30901.7915
 30902.487
 30903.177499999998
 30903.873
 30904.571
 30905.2925
 30906.0105
 30906.705
 30907.402000000002
 30908.279000000002
 30909.341500000002
 30910.436999999998
 30911.5295
 30912.593
 30913.661
 30914.728
 30915.799
 30916.875500000002
 30917.947500000002
 30919.3485
 30921.0825
 30922.8175
 30924.552000000003
 30926.287
 30928.0225
 30929.3435
 30930.25
 30931.148
 30932.066
 30932.987500000003
 30933.887000000002
 30934.786
 30935.6865
 30936.5925
 30937.499499999998
 30938.821
 30940.646
 30942.4705
 30944.2055
 30945.940000000002
 30947.711000000003
 30949.273
 30950.588
 30951.908
 30953.229
 30954.6445
 30956.065499999997
 30957.392
 30958.714
 30961.9095
 30966.9775
 30970.3775
 30972.1125
 30973.872499999998
 30975.634
 30977.374
 30979.114
 30980.849000000002
 30982.5835
 30984.3185
 30986.0535
 30987.788
 30989.05
 30989.8335
 30990.637000000002
 30991.4455
 30992.2315
 30993.0175
 30993.805
 30994.6095
 30995.4095
 30996.190499999997
 30996.976
 30997.764
 30998.5515
 30999.478499999997
 31000.5455
 31001.612500000003
 31002.684500000003
 31003.7615
 31004.85
 31005.9375
 31007.0475
 31008.154499999997
 31009.5605
 31011.2995
 31013.0345
 31014.799
 31016.559
 31018.288999999997
 31019.694499999998
 31020.766499999998
 31021.8335
 31022.9005
 31024.0075
 31025.119

186996.49737305837
 148816.75392661843
 199864.43661996408
 144024.73498261356
 150947.18909722366
 118127.80656272502
 141022.49135004194
 214908.30449777213
 133649.3738816676
 99644.37012294136
 156297.15489980835
 185389.62472351393
 137577.7287763
 141521.11111145435
 121142.54143613295
 159722.91666681194
 134182.52212409684
 199733.33333301038
 193349.72067029675
 185558.11518361364
 84267.6056335743
 238609.51327469732
 192141.59292064473
 141739.1786900831
 155416.75854478235
 102701.21278950134
 187866.74008746742
 190233.66555957805
 202336.2930073966
 257294.05162749422
 101176.73378073427
 150822.4400874998
 180529.816513888
 146690.0921658322
 145294.69434829586
 187701.44092212722
 171089.491916862
 198883.30444832254
 149956.6974595868
 173321.15942043607
 157412.1037463449
 126681.84438036096
 189166.57223802272
 147851.29682992157
 193633.9581037999
 224636.6594354485
 217096.345515328
 70001.10253589082
 165953.17725736892
 204654.6227420046
 194141.8994412461
 161506.06394656523
 124058.43439922147
 204055.12679179097
 199416.0458453886
 161039.76945239553
 196388.1690139235
 121936.59942359022
 141614.49275374264
 179595.60947431647
 201381.1594201412
 155579.7872341733
 194960.69538921965
 158236.74383869246
 177677.8115503013
 186490.50873209434
 128531.3207546464
 172630.39253787202
 156443.06257285268
 224066.4852254953
 143763.31130973727
 126784.89042673128
 213580.55235888672
 115903.97351005665
 140940.05763684033
 188421.90201722784
 145297.98270888499
 201318.4183143962
 176973.18435745558
 161039.73509950846
 170967.1261931277
 91628.1908988324
 148661.8942732183
 200959.20617436833
 207020.92511025822
 177934.95038603598
 67688.81506075319
 198978.1659386307
 168238.56707341704
 181645.6400739859
 210115.49295800488
 162012.61261252765
 161721.60148967904
 106519.96286004328
 229055.71030616527
 149460.5385328044
 151823.42007421804
 137042.2004524062
 196547.02784025343
 229592.1958682782
 120429.11585383485
 173105.03597129553
 167940.24205747386
 112154.25531893315
 185414.28571454945
 122602.98229260088
 169755.1020406055
 179702.62664183747
 161391.75257745606
 169714.94893204028
 153123.4911790401
 213601.6713096886
 140292.68292649603
 151229.61574520753
 150074.62686581205
 196181.92285538622
 140625.5760368027
 198162.60623235998
 147606.21761649623
 146393.53721868116
 247308.26369602507
 153636.95450308785
 149792.01485592383
 163617.10037215878
 141798.51439167972
 161272.72727240724
 143527.93296131003
 161872.7948002008
 210899.7214482457
 129663.78316029465
 146941.78674377466
 165867.4351584458
 143926.4957264122
 188023.59033358784
 118610.21814017986
 217608.94660916596
 98362.19336177614
 105564.4699145419
 310378.22349555965
 129933.14366973833
 84594.47674439718
 243200.57719954563
 106054.44126069635
 244227.79369743596
 104185.23489896256
 122612.15629542056
 255634.67048698876
 112469.827586221
 116069.94328912598
 127630.74039373492
 148024.9110320553
 237731.38548505204
 139951.21951234032
 148322.4299065824
 154978.38345886706
 152795.91836715717
 117341.39534875778
 152179.60710951852
 182124.06231965852
 136682.4207492337
 159892.79538899535
 134869.08881196595
 143979.83870991398
 192712.96829964715
 202477.3980156044
 114427.15231754263
 149360.67415740105
 155453.48837210736
 166739.13043462572
 169715.07760565553
 88641.74107136522
 203506.07734832808
 158060.63947091467
 133062.84454202492
 154147.46543804128
 171459.24764884287
 143091.6426512488
 207691.06628235106
 165804.49826986002
 201620.57522113834
 115247.72036483849
 186334.09436855555
 207212.66968311238
 135446.80851075213
 155152.47524758437
 168480.78372253865
 105708.89894411882
 180467.3748104143
 160248.37374333703
 165525.57772077507
 133582.03799646968
 172918.06116559135
 133444.32008951597
 178190.09216581797
 141907.683486338
 212271.88940082557
 142854.09457897692
 162362.53602300028
 155008.0691642131
 134593.08357372408
 185768.16608992487
 93210.12658217546
 187763.19176274166
 246983.13253068342
 93620.07623885067
 226262.42038220755
 77682.33799235025
 168039.34010142353
 83989.03775883962
 219174.58279884444
 108070.24265652588
 220020.3045683979
 224303.29949225322
 118398.9834815362
 151053.42080612585
 161174.32052442274
 176666.3542644418
 217277.62302669766
 129565.45961032897
 136210.9090906388
 129075.34883755875
 151881.22270736567
 171106.641721314
 195877.22317817944
 125436.88760802709
 157326.2247841388
 112895.2062429261
 165351.68018551965
 145577.27796997977
 184954.50324957294
 146468.6035615109
 169326.14807886857
 205567.94751587405
 166965.12641714604
 181365.24163553075])

30731.5435
 30732.118000000002
 30732.690499999997
 30733.26
 30733.839999999997
 30734.422
 30734.9985
 30735.572500000002
 30736.1385
 30736.699999999997
 30737.264
 30737.8495
 30738.433
 30739.004
 30739.577
 30740.148
 30740.716500000002
 30741.282
 30741.855499999998
 30742.434
 30743.012000000002
 30743.5855
 30744.153
 30744.716
 30745.281
 30745.8635
 30746.446
 30747.0155
 30747.584
 30748.1525
 30748.721
 30749.2915
 30749.8825
 30750.468500000003
 30751.034
 30751.6335
 30752.23
 30752.7915
 30753.3525
 30753.9165
 30754.484
 30755.053
 30755.6215
 30756.189
 30756.759
 30757.3275
 30757.8895
 30758.4525
 30759.0205
 30759.589
 30760.162
 30760.731
 30761.295
 30761.862500000003
 30762.4355
 30763.004
 30763.567499999997
 30764.1425
 30764.7155
 30765.282
 30765.8505
 30766.419
 30766.987
 30767.5605
 30768.134
 30768.702
 30769.2685
 30769.832000000002
 30770.397
 30770.9605
 30771.524
 30772.091
 30772.671000000002
 30773.249
 30773.816
 30774.402000000002
 30774.985
 30775.552
 30776.152000000002
 30776.750500000002
 30777.316
 30777.900999999998
 30778.485500000003
 30779.0535
 30779.622
 30780.189
 30780.757
 30781.324500000002
 30781.888
 30782.453
 30783.016499999998
 30783.578999999998
 30784.148
 30784.717
 30785.2895
 30785.867
 30786.4455
 30787.015
 30787.5785
 30788.146
 30788.735
 30789.323
 30789.896999999997
 30790.5085
 30791.11
 30791.675
 30792.254999999997
 30792.8335
 30793.4
 30794.008
 30794.6165
 30795.1905
 30795.7635
 30796.3315
 30796.895
 30797.453999999998
 30798.0275
 30798.606
 30799.1745
 30799.742
 30800.31
 30800.8785
 30801.458
 30802.036
 30802.603499999997
 30803.172
 30803.739999999998
 30804.3085
 30804.877
 30805.4505
 30806.0315
 30806.603000000003
 30807.163500000002
 30807.728499999997
 30808.2955
 30808.858500000002
 30809.422
 30809.985500000003
 30810.55
 30811.1195
 30811.6885
 30812.250500000002
 30812.8135
 30813.382
 30813.95
 30814.5185
 30815.102
 30815.684500000003
 30816.253
 30816.822
 30817.39
 30817.9535
 30818.518
 30819.086
 30819.6535
 30820.2225
 30820.790500000003
 30821.3635
 30821.936999999998
 30822.5055
 30823.089
 30823.672
 30824.239999999998
 30824.8085
 30825.374
 30825.9385
 30826.505
 30827.122
 30827.745
 30828.3185
 30828.887
 30829.4555
 30830.0185
 30830.5815
 30831.144
 30831.7025
 30832.272
 30832.85
 30833.4285
 30834.002
 30834.571
 30835.164
 30835.773
 30836.3565
 30836.923
 30837.4915
 30838.06
 30838.631
 30839.199500000002
 30839.768
 30840.336
 30840.906499999997
 30841.48
 30842.048
 30842.6165
 30843.216500000002
 30843.8145
 30844.381500000003
 30844.95
 30845.518
 30846.086499999998
 30846.655
 30847.2225
 30847.786
 30848.35
 30848.923
 30849.5015
 30850.08
 30850.6535
 30851.222
 30851.79
 30852.368000000002
 30852.951500000003
 30853.525
 30854.095
 30854.661500000002
 30855.222999999998
 30855.788
 30856.3565
 30856.925
 30857.493499999997
 30858.061999999998
 30858.63
 30859.2295
 30859.826999999997
 30860.389000000003
 30860.953
 30861.5395
 30862.123
 30862.688000000002
 30863.256500000003
 30863.825
 30864.5155
 30865.2045
 30865.77
 30866.3375
 30866.906
 30867.499
 30868.0925
 30868.661
 30869.229
 30869.797
 30870.3655
 30870.934
 30871.527000000002
 30872.125500000002
 30872.699
 30873.2675
 30873.841
 30874.414
 30874.983
 30875.5515
 30876.119
 30876.686999999998
 30877.2605
 30877.834
 30878.402000000002
 30878.970500000003
 30879.54
 30880.109
 30880.6765
 30881.244
 30881.8125
 30882.381
 30882.95
 30883.513
 30884.0755
 30884.6455
 30885.219
 30885.8195
 30886.4125
 30886.9935
 30887.577
 30888.148500000003
 30888.716500000002
 30889.2805
 30889.843999999997
 30890.407
 30890.976
 30891.5445
 30892.112500000003
 30892.691
 30893.269
 30893.8375
 30894.406
 30894.972999999998
 30895.542
 30896.1115
 30896.6855
 30897.2635
 30897.8305
 30898.415500000003
 30899.0035
 30899.5705
 30900.1385
 30900.7015
 30901.2705
 30901.8805
 30902.483500000002
 30903.0495
 30903.618
 30904.186999999998
 30904.755
 30905.3235
 30905.892
 30906.46
 30907.0285
 30907.597
 30908.171000000002
 30908.7445
 30909.3115
 30909.9795
 30910.6495
 30911.218
 30911.8115
 30912.4035
 30912.981
 30913.5605
 30914.128
 30914.699500000002
 30915.268
 30915.833
 30916.400999999998
 30916.9795
 30917.559
 30918.1225
 30918.685
 30919.248
 30919.8095
 30920.378
 30920.948
 30921.516499999998
 30922.091
 30922.679
 30923.2615
 30923.879999999997
 30924.498
 30925.071
 30925.6395
 30926.203
 30926.775999999998
 30927.347999999998
 30927.9265
 30928.506500000003
 30929.074500000002
 30929.6425
 30930.2105
 30930.773999999998
 30931.354
 30931.936999999998
 30932.504
 30933.0675
 30933.632
 30934.2
 30934.773
 30935.3485
 30935.946
 30936.542500000003
 30937.111
 30937.701500000003
 30938.29
 30938.856
 30939.445
 30940.108
 30940.75
 30941.35
 30941.9485
 30942.515
 30943.108
 30943.7065
 30944.2805
 30944.8505
 30945.4185
 30945.985
 30946.5645
 30947.138
 30947.7
 30948.268
 30948.836499999998
 30949.405
 30949.972999999998
 30950.5465
 30951.14
 30951.728
 30952.3235
 30952.917999999998
 30953.484
 30954.0515
 30954.62
 30955.197500000002
 30955.775500000003
 30956.3445
 30956.913
 30957.4795
 30958.042999999998
 30958.608
 30959.1865
 30959.765
 30960.338
 30960.911500000002
 30961.4795
 30962.0475
 30962.6175
 30963.2195
 30963.8165
 30964.387000000002
 30964.9605
 30965.523
 30966.081
 30966.644500000002
 30967.228
 30967.8065
 30968.37
 30968.938000000002
 30969.5075
 30970.076
 30970.6425
 30971.2055
 30971.769500000002
 30972.343
 30972.916
 30973.4845
 30974.053
 30974.6215
 30975.19
 30975.758
 30976.326500000003
 30976.895
 30977.463
 30978.03
 30978.5935
 30979.16
 30979.745000000003
 30980.3565
 30980.953
 30981.525999999998
 30982.099499999997
 30982.667999999998
 30983.236
 30983.8095
 30984.383
 30984.954
 30985.5225
 30986.088
 30986.675
 30987.2585
 30987.822
 30988.411500000002
 30989.001
 30989.5685
 30990.1365
 30990.7045
 30991.273
 30991.841
 30992.409
 30992.978
 30993.5465
 30994.1095
 30994.6745
 30995.245499999997
 30995.817499999997
 30996.388
 30996.956
 30997.5495
 30998.144500000002
 30998.749499999998
 30999.351000000002
 30999.917500000003
 31000.486
 31001.054
 31001.622499999998
 31002.191
 31002.764
 31003.3375
 31003.906
 31004.474499999997
 31005.048
 31005.622
 31006.220999999998
 31006.8305
 31007.4075
 31007.978499999997
 31008.553
 31009.1215
 31009.695
 31010.2685
 31010.852
 31011.434999999998
 31012.002500000002
 31012.571
 31013.144
 31013.717
 31014.290500000003
 31014.864
 31015.4505
 31016.034
 31016.597999999998
 31017.183
 31017.766
 31018.3275
 31018.913500000002
 31019.502
 31020.069
 31020.637499999997
 31021.206
 31021.774
 31022.342
 31022.910499999998
 31023.479
 31024.0515
 31024.625
 31025.194
 31025.762499999997

101073.2984292629
 148041.66666736233
 199513.18101950563
 143014.03508779232
 150179.6610169121
 119156.79442497836
 243120.89809952502
 114166.95957830665
 132699.8223805113
 159608.9285710553
 122580.9859156437
 130514.09618513325
 181803.19148984953
 113193.77162603539
 219688.3802819603
 98029.61672464921
 126287.74422773863
 193017.60563404017
 144468.0483588552
 120565.74394435743
 120044.98269943945
 91239.01581730254
 317597.1731434555
 171771.42857214273
 134835.0877193671
 158258.8235291021
 145691.22807024984
 136694.2003516127
 128177.81690156608
 394753.954303619
 161934.8591551287
 87787.08551478515
 127101.80623965831
 122548.84547106648
 126704.22535226849
 147622.82091888995
 303528.4697519271
 150395.72192472796
 155809.26916179003
 207968.2539685849
 113357.39436633658
 259607.0175439922
 143338.62433885242
 159246.47887241532
 242054.19580568603
 141077.87610561334
 144534.88372064428
 156380.9523812012
 115416.52021099666
 149934.85915511395
 182321.7993075362
 114480.35714333312
 314957.74647724326
 128827.16049403216
 108625.21588985772
 154448.0286735854
 138448.1546574139
 168345.9552490047
 200361.0619473671
 155957.74647906504
 304581.7223201243
 147772.8873231789
 125448.9436621261
 190516.40759999867
 185508.80281594137
 129051.05633818687
 143460.176991483
 118868.32740177204
 242251.7605636782
 169187.83542005884
 180116.1971833201
 129535.33568929904
 164119.52861926326
 90149.46619247894
 193830.41958038014
 97096.66666631344
 277696.11307474755
 145834.50704243287
 148526.89873384207
 186123.89380574116
 162505.30035367442
 98317.88079421403
 310842.4778768267
 201910.68301229007
 162233.21554802018
 121045.7746472609
 224091.54929605022
 111977.07231058383
 155542.85714249336
 108343.85964917812
 184247.75583580177
 324434.8591532506
 139354.38596498343
 137772.88732411308
 118251.29982645715
 194673.0103813972
 151400.69084588336
 173958.92857215184
 107721.3403874873
 324711.2676060331
 167978.68852442986
 125441.69611331931
 222658.07560194243
 122959.43837690982
 172868.32740272608
 290883.8028172591
 145633.44594580992
 142999.9999994107
 124607.39436635042
 92574.07407444411
 146869.94727511134
 136170.98445645138
 272726.63139373204
 99499.12126482821
 186559.1397858609
 138217.8571425339
 185894.37819435532
 159384.21052639716
 137455.02645524518
 153367.95774568518
 366454.2253525633
 148224.95606339778
 140808.47457623645
 192187.27915231898
 181196.83655551783
 129116.19718325738
 141952.46478799777
 308240.7732867355
 136577.46478890034
 125215.88946426054
 164089.19382540332
 133285.71428540256
 149536.54189004938
 183746.92442898228
 164465.48672498597
 155493.76114140885
 274809.1872779226
 153914.43850325668
 102084.50704237906
 165292.46935203928
 147892.416225036
 180199.2818680964
 138369.06854053616
 167089.78873259985
 329741.19718350406
 202101.93321634445
 110874.58193947017
 132352.7336862776
 165007.0175439439
 110103.87323957201
 126695.42253536708
 214350.6261176439
 175478.94736851065
 132164.31095432185
 189439.36731123677
 202123.02284598362
 129804.23280443935
 125319.51640805286
 122028.16901345299
 263701.2302287003
 171612.0401343138
 105646.1267606933
 95221.83098542271
 156214.411247939
 178519.5729543468
 147463.8447964666
 113568.90459386149
 281155.68862366094
 139664.3598612682
 198138.84007047105
 138160.21126777554
 140449.9121257619
 104892.28007236683
 153738.1370817518
 289967.62590091984
 147160.42780708964
 116555.36332152934
 116982.69896240305
 175153.7132983244
 142352.1126762314
 173231.57894745687
 288569.8051939599
 121031.56146200467
 108182.30088520652
 112000.00000013773
 208520.21089515742
 155867.95774667055
 115756.09756086997
 116788.6323271768
 341139.3728219883
 209902.13523203414
 182742.65975771696
 140730.63380298996
 175878.52112697685
 163323.3743400468
 127984.15213995113
 203047.78760978274
 156144.1124781674
 152410.21126779306
 125489.43661987263
 137131.81019344085
 146022.88732412324
 141783.06878238468
 148162.500000616
 167711.26760584005
 286896.1937709618
 143157.16752984314
 171439.44636746397
 232968.36555380537
 167970.07042166594
 126955.98591564909
 121523.80952386366
 275226.2521581614
 143484.15492975392
 150888.11188808118
 130852.04991136899
 162099.6441276186
 101248.23943674423
 129261.86291751135
 130360.91549311805
 313080.8435855095
 120524.64788670022
 93042.25352124117
 124730.58637131743
 142943.26241080905
 182814.28571385817
 148982.39436638038
 304348.7603307981
 169065.83629951024
 151417.25352034316
 170084.35852387373
 156380.28169033315
 209841.32841372734
 98930.97345091974
 140710.24735009827
 159776.80140611433
 103237.67605646499
 142574.43365644763
 128736.3796134687
 300098.5915496648
 160165.49295794344
 169419.0140847154
 129752.1968358386
 141332.74647904705
 146330.0970877163
 136839.37823797742
 290309.85915528657
 175407.73286482738
 120707.61245646782
 135410.21126777216
 181171.9298246539
 166989.41798968372
 126063.38028184517
 158635.5633794607
 267374.78411150305
 174102.11267627045
 146448.94366121394
 131298.76977164316
 190278.94736851822
 117209.50704239766
 174412.69841297594
 146272.88732412353
 318558.8752179239
 128582.74647903137
 129428.07017550468
 141983.81294951393
 153428.82249573973
 157791.59369529557
 123446.18055535595
 132870.4
 310761.14082114125
 129377.70382644133
 142199.6466433874
 119407.27902922785
 149218.24687008557
 164896.30931473037
 85301.07526867928
 139327.46478890374
 308431.5789475259
 116052.9100523501
 110446.39718814525
 120833.33333338716
 155077.4647889231
 165305.7996486499
 159169.01408470277
 120360.42402773011
 318223.77622371144
 141287.47795436945
 111275.38726366237
 139763.4782606927
 136534.88372066012
 81721.76759400291
 127601.7699118002
 258124.7803165689
 129954.14462101807
 191141.32379210842
 189630.39723610965
 142500.78003128537
 103010.61946926532
 153677.24867749322
 272682.45614049013
 160633.8028160701
 139491.19718327012
 136411.24780328205
 149163.73239454962
 111091.54929591126
 202694.2003516701
 137815.1408443572
 114381.03448313169
 236458.55379226338
 103299.82363265855
 123816.64499346056
 124632.22416814516
 147833.92226177297
 271431.5619971356
 139465.3641203057
 119373.31081143288
 134486.7724861236
 145160.21126778415
 131711.30434765943
 304510.6761576244
 145672.53521144675
 126075.70422469966
 92582.34295416874
 150122.8070176205
 138438.06104111904
 149679.5774649728
 127729.39068162981
 144534.51327374068
 270386.3636363086
 115540.49295788856
 166123.02284724463
 133696.5517237354
 105840.60402724877
 113741.65202118854
 196950.5988019576
 164119.71831006097
 140397.92387510734
 172211.09123400634
 113167.25352126593
 154678.2006926568
 148261.48409827668
 165549.9153975333
 268191.5641478606
 175663.1393300855
 147708.2601055766
 182841.26984156077
 113203.57142830668
 115895.00000028108
 110498.23321505338
 265244.71831018536
 149236.13595677094
 129621.05263164513
 139927.56183772924
 136936.20689699837
 165651.48861648768
 143567.30769151755
 251952.5483306233
 100031.69014096809
 104192.49592149376
 135854.60992944255
 157098.59154948898
 166796.72131131624
 203988.82681554297
 179616.19718331948
 126732.59493642289
 145605.3097348508
 156612.67605653062
 274478.9644003121
 204732.29706464423
 124724.0773287552
 137038.52889669346
 133056.6371675933
 187790.4929579774
 178786.8020303512
 186267.98561134504
 297403.1690144502
 162042.25352132603
 137347.97891048848
 129427.81690156761
 133249.9999993104
 112583.76511266998
 171004.9342104772
 351389.0845074744
 120666.13162126672
 154825.08833852998
 160100.70671409374
 136089.63093157703
 138329.22535228278
 134667.80238428075
 103970.1230229375
 288954.30579989974
 134896.12676072927
 112476.10619495099
 205434.16370043994
 117195.42253535539
 94796.26485569698
 139904.92957763682
 289878.8927328926
 154103.69068554702
 126326.278659813
 181274.1652022666
 140847.63572681663
 135033.17535510255
 124969.69696935984
 277525.8620698707
 158730.1587304113
 174184.58781333844
 161605.73476676378
 124441.12478042455
 133585.28428135253
 168486.58318392426
 139575.70422552375
 128978.87323876913
 235530.64798602552
 174049.4699650044
 121335.09700195673
 183064.40071520134
 81776.8014060465
 154166.08996504085
 108617.95774661245
 157388.40070312456
 262167.25352144917
 148748.6818981961
 147783.4507044071
 139704.22535138967
 107920.91388410087
 172468.30985936703
 113619.71830999888
 150157.24381654782
 171240.641710768
 300155.59440553334
 168476.58862826237
 131729.6
 131625.00000016188
 156773.35640200772
 169850.6151143832
 217242.9577453546
 108556.3380283025
 147022.45250484988
 191614.43661872667
 130620.20905911423
 141410.3019542501
 141709.50704242778
 121145.2145214987
 330340.46345721936
 90436.39575989402
 139663.94779744427
 130098.93992958283
 134678.38312841236
 122151.67548520319
 191021.08962987625
 299267.6056341708
 167811.61971851622
 144892.605633981
 107256.14035093196
 151954.14462007812
 82749.5527731834
 120761.82136604299
 153674.25569179232
 292509.598603676
 170642.60563401267
 134596.83098521893
 132415.1857837833
 166000.00000002538
 145887.3239438414
 285695.0354599167
 179258.34797906625
 123195.42253536277
 170068.66197204014
 161518.45342720547
 124464.78873254743
 139065.74394431457
 145750.4393674378
 245672.53521156972
 116360.28119518027
 144676.4705879002
 129736.8421053294
 103194.26751582314
 139211.50592208357
 162753.1083486314
 315911.91709760396
 110621.05263163542
 183405.6437392689
 131046.55172374338
 173477.95414489685
 119691.66666695695
 116998.2332150243
 139889.2794377315
 240070.42253550648
 131899.65397893323
 106272.88732407436
 97031.08808264305
 124586.26760578701
 124938.84297529676
 138544.48398623866
 253713.7809175929
 105849.33774845657
 136476.8683278686
 141258.46702279183
 157913.25695560707
 185973.49823357892
 165378.52112696393
 274660.8084360912
 164646.1267597113
 153436.61971849855
 93767.60563391812
 186759.2267136949
 105308.09859167879
 144637.78162883158
 189566.66666676346
 343572.18309901404
 239588.75219704487])192.168.1.3 - - [18/Nov/2019 02:51:55] "POST /update HTTP/1.1" 201 -