
***error nemon 0.10950640818569739 0.09949897390199425 0.931513267788988 0.2276083090130104

***error cqmon 0.08831965286728947 0.0665407389092588 0.21766200586639914 0.09182763071272909
x1
y1
17826.558
 17830.3805
 17835.447500000002
 17840.5075
 17845.6025
 17850.7195
 17855.808
 17860.881500000003
 17865.9545
 17871.019
 17876.0815
 17881.1735
 17886.2605
 17891.3175
 17896.3905
 17901.4725
 17906.569499999998
 17911.677499999998
 17916.784
 17921.877500000002
 17926.949500000002
 17932.023500000003
 17937.0905
 17942.1485
 17947.205
 17952.261
 17957.32
 17962.3785
 17967.457000000002
 17972.5455
 17977.621
 17982.6965
 17987.767
 17992.837
 17997.928
 18003.018
 18008.0965
 18013.1785
 18018.247000000003
 18023.305500000002
 18028.374499999998
 18033.4415
 18038.592
 18043.745000000003
 18048.813000000002
 18053.8885
 18058.962
 18064.0685
 18069.1725
 18074.263
 18079.347999999998
 18084.405
 18089.462
 18094.5185
 18099.6005
 18104.6955
 18109.77
 18114.835
 18119.896999999997


6332.295719845075
 6444.53201970351
 6496.145483300345
 6465.718237500537
 5945.408461687493
 7025.661116553
 6417.192429021935
 6297.142857141955
 6293.827647406932
 6403.716884147394
 6236.431813693101
 5990.228649601283
 6280.0079098270935
 6382.044690527099
 6271.566123010486
 6288.866995077498
 6265.676890014624
 6943.692368062458
 6215.793588739011
 6449.6154604615585
 6197.910506603196
 6164.334975368574
 6322.00039533821
 6350.800870080198
 6218.749999999392
 6406.249999999373
 6211.37890162227
 6251.236399603992
 6201.881615049771
 6133.201970446867
 6163.120567374755
 6133.20197044247
 6268.851164628293
 6072.1324398890065
 6318.324197337294
 6199.132492113423
 6307.571288103344
 6159.480212638413
 6060.102807432688
 6098.438426569567
 6221.697184483245
 6126.211671611913
 6548.4178421664765
 6284.584980235528
 6100.866824274332
 6226.600985220783
 6261.43533123014
 6001.167088115594
 5986.974541149674
 6086.429409462553
 6124.999999999401
 5966.389877420842
 6124.999999999401
 6069.6064860624565
 6589.77873506955
 6216.801101708705
 6081.721279117
 5834.5181674583
 5964.031620551816])

x2
y2 
17826.5965
 17827.16
 17827.728
 17828.2955
 17828.859
 17829.42
 17829.985500000003
 17830.552
 17831.119
 17831.6875
 17832.254500000003
 17832.822500000002
 17833.391499999998
 17833.96
 17834.5285
 17835.097
 17835.665
 17836.236
 17836.8035
 17839.6125
 17844.679
 17849.754
 17854.824
 17859.9045
 17864.9845
 17870.05
 17875.1155
 17880.180500000002
 17885.245499999997
 17889.059
 17891.624499999998
 17894.192
 17896.768
 17898.5295
 17899.447500000002
 17900.344
 17901.239
 17902.138
 17903.035499999998
 17903.932
 17904.8345
 17905.742
 17906.6545
 17907.775
 17909.095999999998
 17910.407
 17911.722999999998
 17913.044
 17914.356
 17915.6725
 17916.993000000002
 17918.0995
 17919.0015
 17919.909
 17920.8155
 17921.737999999998
 17922.661500000002
 17923.5635
 17924.463499999998
 17925.362
 17926.2535
 17927.145
 17928.25
 17929.5625
 17930.8735
 17932.1835
 17933.536
 17934.8955
 17936.21
 17937.549
 17939.0985
 17940.8265
 17942.553
 17944.283000000003
 17946.017
 17947.824999999997
 17949.107
 17949.792
 17950.4815
 17951.1695
 17951.860999999997
 17952.553
 17953.256
 17953.9565
 17954.6445
 17955.336
 17956.0235
 17956.7165
 17957.4125
 17958.144999999997
 17958.925
 17959.708
 17960.488
 17961.2935
 17962.093999999997
 17962.869
 17963.652000000002
 17964.436
 17965.213499999998
 17965.995
 17966.7775
 17967.581
 17968.3865
 17969.163
 17969.938000000002
 17970.721
 17971.5085
 17972.305999999997
 17973.099000000002
 17973.909
 17974.7365
 17975.534
 17976.338499999998
 17977.1365
 17978.052
 17979.1215
 17980.192499999997
 17981.252999999997
 17982.32
 17983.388
 17984.472999999998
 17985.5605
 17986.625
 17987.6965
 17988.705
 17989.627
 17990.533000000003
 17991.4905
 17992.447
 17993.345500000003
 17994.2385
 17995.1395
 17996.047
 17996.9545
 17997.878
 17998.6945
 17999.386
 18000.075
 18000.7955
 18001.515
 18002.201
 18002.8925
 18003.5865
 18004.2945
 18004.999
 18005.6855
 18006.376
 18007.078
 18007.7805
 18008.661
 18009.7465
 18010.8275
 18011.891
 18012.964
 18014.040500000003
 18015.1165
 18016.1935
 18017.27
 18018.3445
 18019.438000000002
 18020.5305
 18021.610999999997
 18022.6895
 18023.756500000003
 18024.828
 18025.8995
 18026.966500000002
 18028.05
 18029.137
 18030.2075
 18031.2705
 18032.3315
 18033.391499999998
 18034.447999999997
 18035.5285
 18036.6665
 18037.787
 18038.859
 18039.93
 18041.0015
 18042.0775
 18043.15
 18044.2485
 18045.3715
 18046.462
 18047.548499999997
 18048.764499999997
 18050.091
 18051.4125
 18052.733500000002
 18054.0545
 18055.369
 18056.7065
 18058.0475
 18059.103
 18059.888
 18060.6705
 18061.451
 18062.23
 18063.012499999997
 18063.799
 18064.585
 18065.362999999998
 18066.164
 18066.972500000003
 18067.759
 18068.809999999998
 18070.1265
 18071.4485
 18072.774
 18074.0945
 18075.415500000003
 18076.7325
 18078.044
 18079.2395
 18080.311
 18081.414
 18082.516
 18083.6025
 18084.6895
 18085.7685
 18086.85
 18087.923499999997
 18089.125
 18090.457000000002
 18091.788500000002
 18093.114
 18094.441
 18095.826999999997
 18097.207000000002
 18098.523
 18099.7095
 18100.771500000003
 18101.844
 18102.921000000002
 18103.992
 18105.0855
 18106.178
 18107.243000000002
 18108.3065
 18109.369
 18110.439
 18111.5105
 18112.589
 18113.7015
 18114.8115
 18115.8925
 18116.9745
 18118.0565
 18119.133
 18120.206
 18121.2725
 18122.338
 18123.4055
 18124.4675
 18125.529499999997

5935.59928442475
 6397.88732395153
 11126.760563393964
 5294.532627840415
 5925.000000024635
 5622.775800694564
 5831.282952553401
 5042.553191502892
 6098.245614038202
 5294.532627840415
 12539.682539702493
 5831.282952553401
 6108.963093151182
 6119.718309866681
 6108.963093151182
 5841.549295744417
 5007.042253527284
 5780.487804872773
 11265.597147992754
 6462.527190032724
 6109.141055948446
 6352.384706345422
 6393.604421635821
 6303.434739939678
 6332.477788747936
 6331.227793132057
 6426.06120434058
 5895.755182627388
 6332.477788747936
 6245.120999215174
 6150.253016739215
 6403.741231491458
 6109.8221190958475
 6744.930629682984
 7205.784204661827
 7246.085011183795
 6877.232142852228
 3503.325942357228
 7254.199328107266
 7197.7777777661395
 6983.425414373624
 7118.6813186824575
 3453.5519125650108
 7268.476621432635
 7323.708206672839
 5081.163859109867
 7149.321266982919
 4922.492401206335
 7247.706422033508
 7512.452830184554
 4682.370820659684
 6916.387959887764
 6968.026460837843
 7134.361233484521
 3666.2983425461525
 7059.574468094942
 7142.227122358789
 7397.993311059832
 6998.892580271913
 3711.4093959721877
 6931.383577058995
 7069.3512304232145
 7323.708206693085
 4707.410236818025
 6979.436405188107
 4714.613618972232
 6781.115879823244
 7176.381529145062
 4952.599388375788
 7199.270072998053
 7401.966454600774
 5397.799652579997
 5791.425260710416
 7380.622837368632
 5376.0092272304055
 6716.259298613401
 4633.431085039243
 9186.046511650833
 4344.428364672937
 5074.452554761773
 9280.802292259354
 4376.093294450987
 4827.777777769972
 9512.481644684141
 4319.4244604334635
 8956.395348812204
 5059.6797671174945
 4068.6695278939465
 9119.769119778312
 4502.590673570207
 8020.304568523179
 3655.5269922782086
 8283.887468038707
 7623.6429433244575
 4297.9274611351975
 7920.308483269452
 3609.137055852093
 8305.128205101864
 4281.290322592703
 7819.7969543101
 4066.924066914318
 7665.0602409813255
 8496.798975682665
 4093.264248700188
 8123.393316173797
 3809.6446700485103
 8030.495552766342
 3519.8019801940895
 7717.2236503651075
 7318.289786218472
 4081.180811816738
 8081.8414322328845
 3629.9879080965898
 8218.46553965941
 5653.483992477269
 6014.856081702111
 5785.915492964862
 5685.606060603397
 6009.276437840404
 9109.640831750266
 5399.280575552428
 5945.437441193396
 5780.4878048840455
 6014.856081702111
 6723.404255328516
 7165.929203521828
 6786.343612338935
 5805.362462773427
 3313.4657836546667
 7270.482603819024
 6884.916201113961
 6968.026460865792
 3526.431718063822
 7490.628445430726
 6723.404255302496
 4331.890331894698
 9388.405797119269
 4822.674418591187
 8183.26693230381
 4376.093294450987
 4836.734693866881
 9067.431850787581
 4115.7742402381355
 8935.172413811038
 4850.877192974613
 4357.039187237437
 9132.947976842506
 4882.022471913306
 4559.884559889156
 5769.662921352088
 9024.478694476535
 5818.696883846615
 5917.602996258552
 5716.141001848188
 5879.069767437882
 5868.152274851149
 5721.448467960544
 5433.085501854033
 8540.540540537992
 5531.418312398919
 5901.027077498146
 5653.211009173558
 5626.991565121468
 5923.14901593753
 5765.799256500585
 9032.802249304732
 5923.14901593753
 5601.818181825593
 5884.543761635863
 5923.1490159173345
 5818.6968838666035
 6094.073377223231
 5829.706717140148
 8827.65151514738
 5576.470588237497
 5127.241673773916
 5821.495327104387
 5884.543761635863
 6065.543071165016
 8671.627906970874
 5868.152274831327
 5956.928838955207
 5457.9273693670575
 5658.012533561896
 5939.849624068599
 5271.415689808842
 7284.958427813808
 7009.022556381775
 4693.069306936831
 7252.069224972772
 7220.106626056662
 4682.370820672628
 6975.717439291656
 5015.873015871802
 8020.304568523179
 8485.933503844528
 3632.1839080316663
 7717.2236504011935
 3848.717948723693
 7849.681528663876
 3809.6446700485103
 7859.693877554521
 4297.9274611351975
 7665.060240947729
 7829.73316391099
 3819.3384224092524
 6963.525835852864
 4438.876233867885
 6786.737000747775
 7398.791540782571
 4798.785117695011
 6677.735849052937
 4828.11306341652
 7214.611872134454
 5721.448467979871
 5780.487804864319
 8038.596491232174
 5642.857142865169
 5271.415689808842
 5785.915492945097
 5637.694419045054
 5758.878504674463
 5868.152274831327
 7030.165912513916
 6849.028400599248
 4412.075471695691
 6911.010558083489
 7408.132530113014
 4048.476454295016
 6843.465045579538
 6843.4650455984565
 6128.666035946754
 5775.070290539091
 5569.573283852082
 5873.605947970165
 5780.487804864319
 8315.789473690256
 6236.842105272029
 5780.487804864319
 5807.7285579758145
 5791.353383447083
 5873.605947970165
 5626.991565121468
 5798.165137633257
 7795.594713642395
 5242.396313368274
 5428.040854218978
 5523.459061639901
 5428.040854218978
 5579.925650571657
 5611.214953253476
 5648.165569153056
 8580.5243445749
 5666.3542642972
 5530.7473982934125
 5330.8341143437765

x3
y3 
17826.656
 17827.222999999998
 17827.7915
 17828.357
 17828.917999999998
 17829.4765
 17830.0865
 17830.7055
 17831.278
 17831.8405
 17832.396999999997
 17832.956
 17833.521500000003
 17834.09
 17834.658
 17835.226
 17835.7945
 17836.365
 17836.933
 17837.499499999998
 17838.072500000002
 17838.641499999998
 17839.203999999998
 17839.766499999998
 17840.3305
 17840.894
 17841.458
 17842.023
 17842.586499999998
 17843.1535
 17843.722
 17844.288
 17844.851000000002
 17845.4165
 17845.983500000002
 17846.5465
 17847.176
 17847.8145
 17848.388
 17848.9495
 17849.508
 17850.088
 17850.669
 17851.2315
 17851.797
 17852.364999999998
 17852.9285
 17853.493499999997
 17854.0815
 17854.675499999998
 17855.249
 17855.811
 17856.373
 17856.942
 17857.5105
 17858.1
 17858.6895
 17859.256500000003
 17859.82
 17860.381999999998
 17860.946
 17861.5085
 17862.0925
 17862.677499999998
 17863.2445
 17863.8185
 17864.39
 17864.953
 17865.513
 17866.093
 17866.6765
 17867.269500000002
 17867.8635
 17868.430500000002
 17868.993000000002
 17869.556
 17870.1195
 17870.683
 17871.249499999998
 17871.813000000002
 17872.3715
 17872.9295
 17873.4945
 17874.143
 17874.796000000002
 17875.368000000002
 17875.9315
 17876.495
 17877.072999999997
 17877.6525
 17878.221
 17878.794
 17879.373
 17879.9465
 17880.514
 17881.1075
 17881.701
 17882.27
 17882.8335
 17883.395
 17883.958
 17884.5225
 17885.116
 17885.709
 17886.2785
 17886.8425
 17887.4055
 17887.972999999998
 17888.550000000003
 17889.139000000003
 17889.7175
 17890.285499999998
 17890.849000000002
 17891.4125
 17891.976000000002
 17892.537
 17893.125
 17893.719
 17894.288
 17894.8475
 17895.4055
 17895.964
 17896.5275
 17897.1195
 17897.713
 17898.284
 17898.852
 17899.419
 17899.982
 17900.553
 17901.2065
 17901.852
 17902.419
 17902.9825
 17903.547
 17904.1365
 17904.725
 17905.290500000003
 17905.853499999997
 17906.4185
 17906.982
 17907.5445
 17908.1645
 17908.783499999998
 17909.349000000002
 17909.9125
 17910.48
 17911.0495
 17911.6145
 17912.1815
 17912.75
 17913.3185
 17913.881999999998
 17914.444
 17915.0075
 17915.574
 17916.152000000002
 17916.7295
 17917.298
 17917.864999999998
 17918.4285
 17918.992
 17919.559
 17920.147
 17920.7365
 17921.303
 17921.8665
 17922.427
 17922.985
 17923.548499999997
 17924.1535
 17924.7565
 17925.3175
 17925.876
 17926.453999999998
 17927.032
 17927.6015
 17928.172
 17928.735500000003
 17929.302499999998
 17929.874
 17930.442000000003
 17931.002
 17931.57
 17932.1685
 17932.762
 17933.3305
 17933.8935
 17934.456
 17935.019500000002
 17935.582000000002
 17936.1705
 17936.760000000002
 17937.328
 17937.891499999998
 17938.453999999998
 17939.0185
 17939.583
 17940.17
 17940.758
 17941.3215
 17941.879999999997
 17942.442
 17943.0055
 17943.5705
 17944.158499999998
 17944.752
 17945.3305
 17945.8985
 17946.462
 17947.025
 17947.588499999998
 17948.157
 17948.725
 17949.2935
 17949.8885
 17950.480499999998
 17951.042
 17951.6065
 17952.195
 17952.788
 17953.3735
 17953.951999999997
 17954.539
 17955.1235
 17955.686
 17956.254
 17956.834000000003
 17957.41
 17957.9715
 17958.535499999998
 17959.0985
 17959.667999999998
 17960.2425
 17960.8105
 17961.374
 17961.9375
 17962.5035
 17963.0665
 17963.631
 17964.2095
 17964.788500000002
 17965.3685
 17965.9465
 17966.516
 17967.0845
 17967.65
 17968.228000000003
 17968.8065
 17969.375500000002
 17969.943
 17970.510499999997
 17971.0745
 17971.659
 17972.252500000002
 17972.83
 17973.409
 17973.9825
 17974.548499999997
 17975.108999999997
 17975.684999999998
 17976.266
 17976.833
 17977.4015
 17977.970500000003
 17978.5375
 17979.1005
 17979.665
 17980.243000000002
 17980.826500000003
 17981.400500000003
 17981.963499999998
 17982.523
 17983.086499999998
 17983.674
 17984.262499999997
 17984.8305
 17985.398500000003
 17985.966500000002
 17986.533499999998
 17987.0965
 17987.666
 17988.2495
 17988.828
 17989.396500000003
 17989.96
 17990.518
 17991.078999999998
 17991.643
 17992.2395
 17992.8375
 17993.405
 17993.9685
 17994.531499999997
 17995.126
 17995.720500000003
 17996.285499999998
 17996.847999999998
 17997.4185
 17997.9965
 17998.569499999998
 17999.133
 17999.6965
 18000.2615
 18000.829
 18001.396
 18001.965
 18002.535499999998
 18003.095
 18003.682
 18004.279000000002
 18004.852
 18005.4155
 18005.972999999998
 18006.536500000002
 18007.1
 18007.6595
 18008.242
 18008.824
 18009.388
 18009.9565
 18010.5205
 18011.11
 18011.7025
 18012.269500000002
 18012.833
 18013.396500000003
 18013.96
 18014.521500000003
 18015.085
 18015.648500000003
 18016.244
 18016.838499999998
 18017.404499999997
 18017.968
 18018.531
 18019.0945
 18019.653
 18020.2465
 18020.845500000003
 18021.424
 18022.008
 18022.581
 18023.143
 18023.706
 18024.285499999998
 18024.864
 18025.4265
 18025.985
 18026.548
 18027.110999999997
 18027.673499999997
 18028.247
 18028.821
 18029.42
 18030.015
 18030.5775
 18031.1395
 18031.702
 18032.29
 18032.8845
 18033.4585
 18034.0265
 18034.593
 18035.1565
 18035.732
 18036.39
 18037.0375
 18037.605
 18038.167999999998
 18038.7325
 18039.311
 18039.889499999997
 18040.4575
 18041.025500000003
 18041.5925
 18042.156000000003
 18042.721
 18043.309
 18043.8975
 18044.466500000002
 18045.0345
 18045.597
 18046.1555
 18046.7455
 18047.334000000003
 18047.891
 18048.451
 18049.0125
 18049.579
 18050.144
 18050.701
 18051.2995
 18051.904499999997
 18052.4795
 18053.052499999998
 18053.618000000002
 18054.1815
 18054.742
 18055.32
 18055.902000000002
 18056.470500000003
 18057.039
 18057.606
 18058.171000000002
 18058.735500000003
 18059.3205
 18059.904000000002
 18060.4695
 18061.0435
 18061.6195
 18062.192499999997
 18062.762499999997
 18063.3405
 18063.9455
 18064.5435
 18065.1105
 18065.6745
 18066.2385
 18066.8015
 18067.364
 18067.929
 18068.498
 18069.0645
 18069.631
 18070.195
 18070.764499999997
 18071.34
 18071.9075
 18072.468
 18073.037
 18073.610500000003
 18074.174
 18074.736
 18075.319499999998
 18075.904
 18076.4725
 18077.041
 18077.608
 18078.1715
 18078.736
 18079.324
 18079.917
 18080.491499999996
 18081.059999999998
 18081.6365
 18082.21
 18082.800000000003
 18083.4005
 18083.972999999998
 18084.539
 18085.107
 18085.675499999998
 18086.239
 18086.802
 18087.367
 18087.9355
 18088.512000000002
 18089.0855
 18089.6535
 18090.216500000002
 18090.7805
 18091.3605
 18091.9385
 18092.5055
 18093.074
 18093.642
 18094.2055
 18094.7655
 18095.423499999997
 18096.085
 18096.6535
 18097.222
 18097.788500000002
 18098.352
 18098.934500000003
 18099.5225
 18100.093500000003
 18100.662
 18101.235
 18101.811999999998
 18102.4205
 18103.03
 18103.603
 18104.171499999997
 18104.7385
 18105.302499999998
 18105.8675
 18106.4605
 18107.0585
 18107.6365
 18108.203999999998
 18108.762000000002
 18109.323
 18109.8865
 18110.483
 18111.081
 18111.6495
 18112.222999999998
 18112.796000000002
 18113.3595
 18113.923
 18114.5235
 18115.1285
 18115.699500000002
 18116.271
 18116.8445
 18117.413500000002
 18117.982
 18118.565000000002
 18119.153
 18119.7295
 18120.3035
 18120.8735
 18121.441
 18122.009
 18122.614
 18123.2175
 18123.7795
 18124.343
 18124.911
 18125.483
 18126.0515


5882.978723420041
 11364.912280635022
 6130.511463854552
 5322.695035475275
 5946.2365591301705
 5652.951699452144
 5019.667170952659
 4928.942807647031
 11404.929577405766
 5956.912028756751
 6820.143884886017
 5903.914590729292
 6108.963093151182
 6119.718309866681
 6119.718309866681
 5841.5492957818315
 10829.525483244219
 5248.25174825068
 5882.978723420041
 5831.282952553401
 6528.5961871622
 5351.158645296558
 5882.978723382094
 5914.438502696195
 10867.724867672432
 5642.857142880604
 6119.718309866681
 5622.775800694564
 5872.5663716950285
 5349.736379618009
 5563.38028166135
 5602.836879447658
 5060.498220625108
 10274.165202117896
 5872.5663716950285
 5351.158645261857
 4753.581661888938
 4911.917098463373
 5841.5492957818315
 11956.756756750487
 5903.914590729292
 5284.280936471309
 5602.836879411519
 5914.438502696195
 5821.05263158192
 5583.038869232974
 11547.237076692572
 5831.282952553401
 5205.930807249014
 5710.843373474809
 5583.038869268859
 6229.390680993512
 5583.038869268859
 11048.9510489488
 6152.212389355178
 5146.579804579044
 5872.566371657215
 5553.6028119556195
 5946.236559168939
 5583.038869232974
 6259.7864768897225
 10664.298401384574
 4961.9834710779605
 6152.212389394792
 5275.922671357839
 5730.569948171262
 5602.836879447658
 6185.05338076402
 11326.164874533659
 4724.252491702574
 5872.5663716950285
 5088.56682767413
 5851.851851861164
 5294.532627874386
 6229.390680993512
 11126.760563393964
 5370.304114479536
 6119.718309866681
 5313.274336295502
 6185.05338076402
 5409.009009006172
 6477.718360095833
 5275.922671357839
 9115.384615349632
 5740.4844290885785
 5303.886925771326
 6477.718360095833
 5024.734982341974
 5891.52542372736
 10274.165202052207
 5007.042253527284
 4920.415224933067
 4903.448275847306
 4737.213403887608
 5285.211267612133
 5615.508885276955
 11404.929577478813
 4989.473684213074
 6524.236983833829
 5024.734982341974
 6207.14285712834
 4998.242530760058
 5624.595469268643
 5007.042253527284
 11345.008756569161
 6240.574506275837
 5275.922671357839
 5583.038869232974
 5105.442176873023
 5891.52542372736
 5089.947089955189
 11384.885764509021
 6512.5448028568535
 4998.242530760058
 5946.2365591301705
 5322.695035475275
 5937.908496722425
 5211.805555547128
 6185.053380804058
 11346.499102319704
 5370.304114479536
 5946.236559168939
 4998.242530728101
 5652.032520343926
 5524.4755244744
 6098.245614038202
 11166.077738537719
 5285.211267578282
 6229.390681034126
 5140.410958881566
 4589.211618269084
 5007.042253527284
 11445.229681927598
 5632.798573996377
 5563.380281696982
 5430.441898520021
 5303.886925771326
 5872.5663716950285
 5351.158645296558
 11662.565905032236
 5663.08243730375
 5294.532627840415
 5164.933135224164
 5592.920353995265
 5862.190812694623
 5632.798573996377
 11560.975609745547
 5592.920353995265
 5592.920353959253
 5553.6028119556195
 5563.380281696982
 5831.282952553401
 5379.928315403487
 11445.229682001162
 5914.438502657841
 5800.69930069812
 5681.506849325545
 5534.150612960566
 5303.8869258054165
 5285.211267578282
 5728.085867646697
 11126.7605633227
 5862.190812732302
 5180.327868847516
 5831.282952553401
 5882.978723420041
 5893.428063923055
 5946.236559168939
 5663.082437266829
 11662.565905106801
 4929.797191890585
 5592.920353959253
 5956.912028717844
 5642.857142880604
 5036.912751666292
 5924.999999986143
 10915.371329918606
 5341.637010659836
 5872.5663716950285
 4998.242530760058
 5780.487804872773
 5622.775800694564
 5379.928315438563
 10934.256055337995
 4594.507269799057
 5841.5492957818315
 5275.922671324107
 5673.2495511969055
 5563.38028166135
 5935.599284463379
 5303.886925771326
 10602.291325745073
 6119.7183098274845
 5007.042253527284
 6338.103756737117
 5024.734982309677
 6174.067495578333
 5303.886925771326
 10394.736842164475
 6119.7183098274845
 5370.304114514486
 6229.390680993512
 5303.8869258054165
 6270.944741516059
 5275.922671357839
 5466.227347611465
 11168.965517207753
 4928.942807647031
 6500.8944543699645
 5007.042253527284
 6229.390680993512
 5275.922671357839
 5563.380281696982
 5285.211267612133
 10551.845342648214
 5597.423510474334
 5332.1492007267425
 6207.14285712834
 5275.922671357839
 5717.1052631562525
 5193.771626285548
 10924.114671216654
 6163.12056735267
 4921.31147540514
 6218.246869437826
 4745.583038848028
 6098.245614038202
 4820.338983049659
 11245.551601461924
 6196.078431355834
 5015.873015880998
 6218.246869397358
 4903.448275878062
 6386.643233748963
 5015.873015848814
 5925.000000024635
 11146.384479664031
 5033.628318595739
 5914.438502657841
 5007.042253527284
 5633.276740238248
 5553.6028119556195
 5614.213197966225
 5313.274336295502
 11010.452961662426
 5893.428063923055
 5359.154929584055
 5911.564625852973
 5553.6028119556195
 5553.6028119556195
 5024.734982341974
 11384.885764509021
 5935.59928442475
 4921.31147540514
 4928.942807615954
 5193.771626318238
 5175.862068949934
 5015.873015880998
 11745.132743390057
 5967.6258992752655
 5036.912751666292
 5303.8869258054165
 5563.380281696982
 5553.602811920112
 5275.922671357839
 5313.274336295502
 11547.23707661769
 5563.380281696982
 5105.442176873023
 5457.685664925011
 4998.242530760058
 6240.574506316596
 5341.637010659836
 5872.5663716950285
 10360.655737695031
 5294.532627874386
 5275.922671324107
 5573.192239867774
 5553.6028119556195
 5313.274336295502
 5632.798573959849
 11207.612456721445
 5096.774193548891
 5841.5492957818315
 5553.6028119556195
 5946.2365591301705
 5379.928315438563
 5602.836879411519
 5322.695035475275
 9294.117647046782
 6130.511463854552
 5285.211267612133
 5935.59928442475
 5015.873015880998
 5080.38585206531
 5573.192239867774
 11300.177619927894
 6466.1921707987485
 5184.801381711338
 5750.433275551946
 5275.922671357839
 6229.390680993512
 5275.922671357839
 5914.438502657841
 10735.191637620865
 5360.714285736574
 5740.484429052448
 5332.1492007267425
 5967.6258992752655
 4601.941747556345
 6034.72222225058
 5266.666666669355
 11346.499102319704
 6229.390680993512
 4998.242530760058
 6229.390680993512
 5632.798573996377
 5231.788079444233
 5360.714285736574
 6119.718309866681
 11384.88576443623
 5370.304114514486
 5096.774193556761
 5313.27433626129
 5831.282952553401
 5096.774193540146
 5831.282952553401
 5379.928315403487
 11185.84070799053
 5903.914590729292
 5592.920353995265
 4795.52715654796
 5051.509769109545
 5275.922671357839
 5096.774193540146
 5841.5492957818315
 11023.255813931679
 5379.928315403487
 5275.039745621147
 5275.922671357839
 5374.14965986634
 5175.862068982399
 5303.886925771326
 11043.010752742313
 5563.38028166135
 5346.869712381699
 5378.09187276746
 5652.951699488933
 5663.082437266829
 5841.5492957818315
 5663.082437266829
 11146.384479735549
 5175.862068949934
 5563.380281696982
 5015.873015864906
 5642.857142880604
 5592.920353959253
 5652.951699452144
 11166.077738537719
 5180.327868847516
 5184.801381711338
 5553.6028119556195
 5573.192239832016
 5303.8869258054165
 5632.798573959849
 10444.067796671992
 4352.617079875499
 4998.242530760058
 5303.8869258054165
 5762.499999986523
 11107.205623911239
 5374.14965986634
 5831.282952553401
 5015.873015848814
 5553.6028119556195
 5872.5663716950285
 5903.914590729292
 5285.211267612133
 10463.815789470678
 5553.6028119556195
 5275.922671357839
 5573.192239867774
 5663.082437266829
 5935.59928442475
 4834.138486318743
 10514.388489199277
 6229.390681034126
 5622.775800694564
 5351.158645261857
 5524.4755244744
 5946.236559168939
 5115.107913664513
 4929.797191890585
 10829.525483313459
 5438.89845092839
 5872.5663716950285
 5303.886925771326
 5914.438502696195
 5642.857142843946
 5567.114093980936
 5007.042253495215
 11107.205623911239
 5563.380281696982
 5862.190812732302
 5882.978723382094
 5033.628318595739
 5745.454545458691
 5903.914590729292
 5831.282952553401
 10369.602763422676
 4963.350785337541
 5239.092495634071
 5294.532627874386
 5365.0254668935695
 4834.138486290423
 10716.521739184676
 5935.59928442475
 5275.922671357839
 6010.733452582026
 5294.532627874386
 5663.082437266829
 5248.25174825068
 6141.342756195746
 4737.213403857214
 10328.62190814739
 5341.637010694414
 4928.942807615954
 5780.487804872773
 5069.518716596739
 6489.285714270538
 4920.415224902098
 5831.282952553401
 11326.164874533659
 5024.734982341974
 5257.9034941873215
 5007.042253527284
 5831.282952516118
 5285.211267612133
 5583.038869268859
 11265.597147919698
 5285.211267612133
 5197.368421051139
 5467.128027703408
 5257.443082312538
 5303.886925771326
 5383.304940379057
 11003.571428545694
 4587.096774201084
 5166.953528414323
 5042.553191470366
 5563.380281696982
 5285.211267612133
 5553.6028119556195
 10759.856630806975
 5563.380281696982
 5341.637010659836
 5770.434782601394
 5467.128027703408
 5553.6028119556195
 5294.532627840415
 5652.951699488933
 10551.845342715678
 5079.5262267313465
 5033.628318563327
 5275.922671357839
 5285.211267612133
 5563.380281696982
 5935.59928442475
 5707.664884157088
 8370.860927141024
 5007.042253527284
 5275.922671357839
 5285.211267578282
 5313.274336295502
 10964.4128113544
 4716.417910454363
 5790.5759162271315
 5553.6028119556195
 5841.5492957818315
 4920.415224902098
 5211.8055555800465
 9366.614664538953
 5740.4844290885785
 5285.211267612133
 5553.6028119556195
 5872.566371657215
 5612.78863234394
 11146.384479664031
 5105.0080775545075
 5476.603119573282
 5184.801381711338
 5683.453237405014
 5360.714285701749
 5341.637010694414
 5592.920353959253
 10063.694267564428
 5563.38028166135
 4998.242530760058
 5467.128027703408
 5563.38028166135
 5652.951699488933
 5285.211267612133
 8736.176935206575
 4928.942807615954
 5313.274336295502
 4920.415224902098
 5275.922671357839
 5275.922671357839
 5285.211267612133
 10040.133779234407
 4920.415224933067
 4946.086956515481
 5514.8342059306015
 5573.192239867774
 5007.042253527284
 5563.38028166135
 9352.024922120923
 5946.902654881042
 4805.008944534322
 5285.211267612133
 5007.042253527284
 4937.4999999920165
 5069.518716596739