o,1,1592.0,1543577347.913663
o,2,918.0,1543577347.917124
o,3,1522.0,1543577347.9200084
o,1,0.0,1543577348.4189894
o,2,0.0,1543577348.4233267
o,3,0.0,1543577348.4265661
o,1,0.0,1543577348.9203382
o,2,0.0,1543577348.9259326
o,3,0.0,1543577348.9314985
o,1,0.0,1543577349.4227343
o,2,0.0,1543577349.4275753
o,3,0.0,1543577349.4307187
c,1,0.0,1543577349.921533
c,2,0.0,1543577349.924182
c,3,0.0,1543577349.9269092
o,1,0.0,1543577349.929757
o,2,0.0,1543577349.9337897
o,3,0.0,1543577349.9377503
p,1,0.0,1543577350.3612144
p,2,0.0,1543577350.3612573
p,3,0.0,1543577350.36127
c,1,0.0,1543577350.4276183
o,1,0.0,1543577350.431919
c,2,0.0,1543577350.4505022
c,3,0.0,1543577350.4539876
o,3,0.0,1543577350.456787
o,2,0.0,1543577350.4601474
o,2,0.0,1543577350.933749
o,1,0.0,1543577350.9378157
o,3,0.0,1543577350.9423969
p,1,0.0,1543577351.3673108
p,2,0.0,1543577351.3673375
p,3,0.0,1543577351.3673494
c,1,0.0,1543577351.4340208
o,1,0.0,1543577351.4652257
o,2,0.0,1543577351.4711242
o,3,0.0,1543577351.4753516
c,2,0.0,1543577351.479648
c,3,0.0,1543577351.4884632
o,2,67507.0,1543577351.9397883
o,3,101301.5,1543577351.944485
o,1,101318.5,1543577351.9503663
p,1,101318.5,1543577352.3728273
p,2,67507.0,1543577352.372849
p,3,101301.5,1543577352.3728583
o,2,116626.0,1543577352.4398563
o,1,174939.0,1543577352.4571147
o,3,174939.0,1543577352.4640045
o,1,171754.5,1543577352.9447846
o,3,171754.5,1543577352.952513
o,2,114503.0,1543577352.9580817
p,1,171754.5,1543577353.3768868
p,2,114503.0,1543577353.376915
p,3,171754.5,1543577353.376929
c,1,171754.5,1543577353.4392653
o,1,236313.0,1543577353.4873507
o,3,236313.0,1543577353.4962254
o,2,157542.0,1543577353.5047565
c,2,157542.0,1543577353.5265493
c,3,236313.0,1543577353.5710928
o,1,172399.5,1543577353.9515164
o,3,172399.5,1543577353.971004
o,2,114933.0,1543577353.9808972
p,1,172399.5,1543577354.380592
p,2,114933.0,1543577354.3806202
p,3,172399.5,1543577354.3806336
c,1,172399.5,1543577354.4465733
o,1,167556.0,1543577354.4724948
o,2,111704.0,1543577354.4879267
o,3,167556.0,1543577354.4908142
o,1,159028.5,1543577354.9691632
o,3,159028.5,1543577354.9790719
o,2,106019.0,1543577354.9832122
p,1,159028.5,1543577355.3862202
p,2,106019.0,1543577355.3862405
p,3,159028.5,1543577355.386251
o,3,130123.5,1543577355.482614
o,1,130123.5,1543577355.486867
o,2,86749.0,1543577355.49685
o,1,186160.5,1543577355.9435725
o,3,186160.5,1543577355.950043
o,2,124107.0,1543577355.9559596
c,2,124107.0,1543577356.013313
c,3,186160.5,1543577356.0438335
p,1,186160.5,1543577356.3563228
p,2,124107.0,1543577356.3563554
p,3,186160.5,1543577356.3563693
c,1,186160.5,1543577356.4378128
o,1,132066.0,1543577356.4454327
o,2,88044.0,1543577356.4505
o,3,132066.0,1543577356.4573936
o,1,138835.5,1543577356.944448
o,2,92557.0,1543577356.948208
o,3,138835.5,1543577356.9518678
p,1,138835.5,1543577357.3607597
p,2,92557.0,1543577357.3608868
p,3,138835.5,1543577357.3609054
o,1,193215.0,1543577357.455302
o,3,193215.0,1543577357.4599726
o,2,128810.0,1543577357.4671485
o,1,181989.0,1543577357.9528244
o,3,181989.0,1543577357.9578779
o,2,121326.0,1543577357.9632492
p,1,181989.0,1543577358.3662634
p,2,121326.0,1543577358.366284
p,3,181989.0,1543577358.3662927
o,1,182245.5,1543577358.4541655
o,3,182245.5,1543577358.4630044
o,2,121497.0,1543577358.4680831
c,2,121497.0,1543577358.5218406
c,3,182245.5,1543577358.54854
c,1,182245.5,1543577358.9442549
o,3,158560.5,1543577358.9550004
o,1,157357.5,1543577358.9595754
o,2,105707.0,1543577358.9674392
p,1,157357.5,1543577359.3695421
p,2,105707.0,1543577359.3695626
p,3,158560.5,1543577359.3695726
o,2,182999.0,1543577359.8729484
o,3,274498.5,1543577359.8794048
o,1,275701.5,1543577359.8837602
o,1,136642.5,1543577360.3635767
o,2,91095.0,1543577360.3670905
o,3,136642.5,1543577360.369618
p,1,136642.5,1543577360.4241126
p,2,91095.0,1543577360.4241395
p,3,136642.5,1543577360.424153
o,1,214855.5,1543577360.8651626
o,3,214855.5,1543577360.870383
o,2,143237.0,1543577360.8737838
c,2,143237.0,1543577361.0270138
c,3,214855.5,1543577361.0592635
o,1,174028.5,1543577361.3692179
o,3,174028.5,1543577361.3732836
o,2,116019.0,1543577361.3791037
p,1,174028.5,1543577361.4336512
p,2,116019.0,1543577361.433686
p,3,174028.5,1543577361.4336994
c,1,174028.5,1543577361.4590342
o,1,176485.5,1543577361.8692188
o,3,176485.5,1543577361.8758054
o,2,117657.0,1543577361.8790057
o,1,178870.5,1543577362.371987
o,2,119247.0,1543577362.3773239
o,3,178870.5,1543577362.3806686
p,1,178870.5,1543577362.4511127
p,2,119247.0,1543577362.451146
p,3,178870.5,1543577362.4511607
o,1,115030.5,1543577362.8725908
o,3,115030.5,1543577362.8786223
o,2,76687.0,1543577362.8833401
o,3,170139.0,1543577363.3768697
o,1,170139.0,1543577363.382763
o,2,113426.0,1543577363.3878045
p,1,170139.0,1543577363.4817297
p,2,113426.0,1543577363.4817646
p,3,170139.0,1543577363.481881
c,2,113426.0,1543577363.5324855
c,3,170139.0,1543577363.5787704
o,2,97448.0,1543577363.877007
o,1,146172.0,1543577363.881278
o,3,146172.0,1543577363.8866742
c,1,146172.0,1543577363.9690733
o,1,226854.0,1543577364.380297
o,3,226854.0,1543577364.3840768
o,2,151236.0,1543577364.386748
p,1,226854.0,1543577364.4868615
p,2,151236.0,1543577364.4868917
p,3,226854.0,1543577364.4869046
o,1,124327.5,1543577364.8810017
o,3,124327.5,1543577364.8854778
o,2,82885.0,1543577364.8886423
o,1,164838.0,1543577365.3815534
o,2,109892.0,1543577365.386346
o,3,164838.0,1543577365.388969
p,1,164838.0,1543577365.4913323
p,2,109892.0,1543577365.4913557
p,3,164838.0,1543577365.4913678
o,3,201795.0,1543577365.883581
o,1,201795.0,1543577365.8859482
o,2,134530.0,1543577365.8907402
c,2,134530.0,1543577366.0359032
c,3,201795.0,1543577366.0923927
o,1,210861.0,1543577366.3900354
o,3,210861.0,1543577366.3999774
o,2,140574.0,1543577366.403027
c,1,210861.0,1543577366.4778094
p,1,210861.0,1543577366.5249789
p,2,140574.0,1543577366.5250049
p,3,210861.0,1543577366.5250165
o,1,151828.5,1543577366.8902009
o,3,151828.5,1543577366.8961885
o,2,101219.0,1543577366.900099
o,3,160729.5,1543577367.3914628
o,2,107153.0,1543577367.394763
o,1,160729.5,1543577367.4010363
p,1,160729.5,1543577367.5325024
p,2,107153.0,1543577367.5325322
p,3,160729.5,1543577367.532545
o,2,126761.0,1543577367.8959959
o,1,184467.0,1543577367.8995159
o,3,190141.5,1543577367.9064794
o,3,172830.0,1543577368.3962026
o,1,178504.5,1543577368.4029188
o,2,115220.0,1543577368.4098265
p,1,178504.5,1543577368.5375054
p,2,115220.0,1543577368.537531
p,3,172830.0,1543577368.5375435
c,2,115220.0,1543577368.5402834
c,3,172830.0,1543577368.601576
o,3,131209.5,1543577368.8947597
o,1,131209.5,1543577368.8979783
o,2,87473.0,1543577368.9032545
c,1,131209.5,1543577368.9843347
o,3,155805.0,1543577369.3975022
o,1,155805.0,1543577369.4010763
o,2,103870.0,1543577369.4046347
p,1,155805.0,1543577369.541622
p,2,103870.0,1543577369.5416486
p,3,155805.0,1543577369.5416615
o,3,150780.0,1543577369.9060857
o,2,100520.0,1543577369.9109566
o,1,150780.0,1543577369.918691
o,2,105222.0,1543577370.4051971
o,3,157833.0,1543577370.4089537
o,1,157833.0,1543577370.4134626
p,1,157833.0,1543577370.429045
p,2,105222.0,1543577370.4290712
p,3,157833.0,1543577370.4290829
o,2,90080.0,1543577370.900854
o,1,135120.0,1543577370.9041355
o,3,135120.0,1543577370.9073358
c,2,90080.0,1543577371.0452604
c,3,135120.0,1543577371.1090212
o,1,187542.0,1543577371.4006186
o,2,125028.0,1543577371.4040992
o,3,187542.0,1543577371.4092326
p,1,187542.0,1543577371.4372814
p,2,125028.0,1543577371.43731
p,3,187542.0,1543577371.4373224
c,1,187542.0,1543577371.5025017
o,1,183958.5,1543577371.9032123
o,3,183958.5,1543577371.9065027
o,2,122639.0,1543577371.909834
o,1,122193.0,1543577372.4067962
o,2,88959.0,1543577372.4131513
o,3,133438.5,1543577372.4160168
p,1,122193.0,1543577372.5001748
p,2,88959.0,1543577372.5001998
p,3,133438.5,1543577372.5002115
o,3,128631.0,1543577372.905067
o,1,139876.5,1543577372.9081447
o,2,85754.0,1543577372.9150283
o,2,109792.0,1543577373.4068198
o,3,164688.0,1543577373.4096608
o,1,164688.0,1543577373.413119
p,1,164688.0,1543577373.5130212
p,2,109792.0,1543577373.513067
p,3,164688.0,1543577373.513082
c,2,109792.0,1543577373.5513792
c,3,164688.0,1543577373.6231122
o,1,168394.5,1543577373.910077
o,2,112263.0,1543577373.9147637
o,3,168394.5,1543577373.921112
c,1,168394.5,1543577374.008512
o,1,158304.0,1543577374.4188197
o,2,105536.0,1543577374.428898
o,3,158304.0,1543577374.4338653
p,1,158304.0,1543577374.5290048
p,2,105536.0,1543577374.5290332
p,3,158304.0,1543577374.5290523
o,1,180648.0,1543577374.9107974
o,3,180648.0,1543577374.914191
o,2,120432.0,1543577374.9172115
o,3,119175.0,1543577375.4135015
o,1,119175.0,1543577375.4166682
o,2,79450.0,1543577375.419782
p,1,119175.0,1543577375.539086
p,2,79450.0,1543577375.5391135
p,3,119175.0,1543577375.539126
o,1,116949.0,1543577375.9128683
o,2,77966.0,1543577375.9165735
o,3,116949.0,1543577375.9196143
c,2,77966.0,1543577376.0565834
c,3,116949.0,1543577376.12725
o,1,194271.0,1543577376.41369
o,2,129514.0,1543577376.4228852
o,3,194271.0,1543577376.4281075
c,1,194271.0,1543577376.5141323
p,1,194271.0,1543577376.5435934
p,2,129514.0,1543577376.5436203
p,3,194271.0,1543577376.543634
o,1,206235.0,1543577376.933971
o,3,206235.0,1543577376.947493
o,2,137490.0,1543577376.9537797
o,1,169738.5,1543577377.4161637
o,3,169738.5,1543577377.4290006
o,2,113159.0,1543577377.4338694
p,1,169738.5,1543577377.548247
p,2,113159.0,1543577377.5482671
p,3,169738.5,1543577377.5482757
o,1,109254.0,1543577377.9176762
o,2,72836.0,1543577377.9291172
o,3,109254.0,1543577377.9319894
o,1,171871.5,1543577378.4174738
o,2,114581.0,1543577378.4223652
o,3,171871.5,1543577378.4262748
p,1,171871.5,1543577378.5530941
p,2,114581.0,1543577378.5531158
p,3,171871.5,1543577378.5531247
c,2,114581.0,1543577378.559839
c,3,171871.5,1543577378.6323974
o,1,155106.0,1543577378.9233646
o,2,103404.0,1543577378.9358065
o,3,155106.0,1543577378.9420729
c,1,155106.0,1543577379.0315976
o,1,123079.5,1543577379.4212086
o,2,82053.0,1543577379.4245684
o,3,123079.5,1543577379.4282253
p,1,123079.5,1543577379.5574942
p,2,82053.0,1543577379.557516
p,3,123079.5,1543577379.557525
o,1,151573.5,1543577379.9363372
o,2,101049.0,1543577379.9425309
o,3,151573.5,1543577379.9510362
p,1,151573.5,1543577380.06397
p,2,101049.0,1543577380.0639987
p,3,151573.5,1543577380.0640128
o,2,144342.0,1543577380.4278078
o,1,216513.0,1543577380.4349642
o,3,216513.0,1543577380.4378066
p,1,216513.0,1543577380.5720372
p,2,144342.0,1543577380.5720675
p,3,216513.0,1543577380.5720763
o,1,155701.5,1543577380.9292533
o,2,103801.0,1543577380.936053
o,3,155701.5,1543577380.939904
c,2,103801.0,1543577381.0657961
c,3,155701.5,1543577381.1369834
o,1,167902.5,1543577381.4317522
o,2,111935.0,1543577381.441719
o,3,167902.5,1543577381.4468942
c,1,167902.5,1543577381.537649
p,1,167902.5,1543577381.5819094
p,2,111935.0,1543577381.581931
p,3,167902.5,1543577381.5819397
o,3,135069.0,1543577381.9343119
o,1,135069.0,1543577381.936707
o,2,90046.0,1543577381.9410915
o,1,179541.0,1543577382.4352767
o,3,179541.0,1543577382.4426563
o,2,119694.0,1543577382.4456713
p,1,179541.0,1543577382.5930963
p,2,119694.0,1543577382.593121
p,3,179541.0,1543577382.593133
o,1,146974.5,1543577382.9402363
o,3,146974.5,1543577382.943418
o,2,97983.0,1543577382.9464266
o,2,98193.0,1543577383.443274
o,3,148601.0,1543577383.4485443
o,1,147289.5,1543577383.453819
c,2,98193.0,1543577383.570985
p,1,147289.5,1543577383.5985258
p,2,98193.0,1543577383.5985518
p,3,148601.0,1543577383.5985646
c,3,148601.0,1543577383.6510055
o,1,130079.0,1543577383.9405115
o,2,86818.0,1543577383.9462006
o,3,128950.5,1543577383.9495606
c,1,130079.0,1543577384.0448363
o,1,170575.0,1543577384.4439092
o,2,113618.0,1543577384.451635
o,3,170427.0,1543577384.4591918
p,1,170575.0,1543577384.6039276
p,2,113618.0,1543577384.6039522
p,3,170427.0,1543577384.603964
o,1,180325.5,1543577384.9423568
o,3,180325.5,1543577384.9466069
o,2,120217.0,1543577384.9502766
p,1,180325.5,1543577385.1085052
p,2,120217.0,1543577385.108529
p,3,180325.5,1543577385.1085382
o,1,171624.0,1543577385.4439692
o,2,114416.0,1543577385.4481308
o,3,171624.0,1543577385.4535456
o,1,137007.0,1543577385.9169762
o,2,91338.0,1543577385.9219036
o,3,137007.0,1543577385.925223
c,2,91338.0,1543577386.042114
p,1,137007.0,1543577386.090323
p,2,91338.0,1543577386.0903592
p,3,137007.0,1543577386.0903716
c,3,137007.0,1543577386.1213033
o,2,98290.0,1543577386.4176843
o,3,147435.0,1543577386.4226103
o,1,147435.0,1543577386.427041
c,1,147435.0,1543577386.5158124
o,1,137340.0,1543577386.9135365
o,2,91560.0,1543577386.9167852
o,3,137340.0,1543577386.9199169
p,1,137340.0,1543577387.1147447
p,2,91560.0,1543577387.114764
p,3,137340.0,1543577387.1147726
o,2,98223.0,1543577387.4232032
o,3,147334.5,1543577387.4300694
o,1,147334.5,1543577387.4375024
o,1,168208.5,1543577387.9174116
o,2,112139.0,1543577387.9213617
o,3,168208.5,1543577387.924166
p,1,168208.5,1543577388.11781
p,2,112139.0,1543577388.1178324
p,3,168208.5,1543577388.1178453
o,3,166591.5,1543577388.4232063
o,1,166591.5,1543577388.4281917
o,2,111061.0,1543577388.435935
c,2,111061.0,1543577388.5552437
c,3,166591.5,1543577388.6264029
o,1,168592.5,1543577388.9223423
o,3,168592.5,1543577388.927499
o,2,112395.0,1543577388.9319477
c,1,168592.5,1543577389.0213013
p,1,168592.5,1543577389.1245823
p,2,112395.0,1543577389.1246097
p,3,168592.5,1543577389.124622
o,2,234155.0,1543577390.0463207
o,3,351232.5,1543577390.0502448
o,1,351232.5,1543577390.0541008
p,1,351232.5,1543577390.07655
p,2,234155.0,1543577390.0765731
p,3,351232.5,1543577390.0765834
o,1,121899.0,1543577390.5496316
o,3,121899.0,1543577390.559175
o,2,81266.0,1543577390.5720582
p,1,121899.0,1543577390.5807931
p,2,81266.0,1543577390.5809023
p,3,121899.0,1543577390.5809126
o,1,222921.0,1543577391.048334
o,2,148614.0,1543577391.0521166
o,3,222921.0,1543577391.055113
c,2,148614.0,1543577391.0604138
c,3,222921.0,1543577391.131813
c,1,222921.0,1543577391.5283208
o,1,213997.5,1543577391.5513065
o,3,213997.5,1543577391.5602684
o,2,142665.0,1543577391.568651
p,1,213997.5,1543577391.588043
p,2,142665.0,1543577391.588075
p,3,213997.5,1543577391.5880888
o,1,180471.0,1543577392.0515687
o,3,180471.0,1543577392.0548723
o,2,120314.0,1543577392.0580149
o,1,133743.0,1543577392.555517
o,3,133743.0,1543577392.5639198
o,2,89162.0,1543577392.5702896
p,1,133743.0,1543577392.595238
p,2,89162.0,1543577392.5953114
p,3,133743.0,1543577392.595326
o,1,154692.0,1543577393.0550177
o,3,154692.0,1543577393.0581918
o,2,103128.0,1543577393.061861
o,1,161829.0,1543577393.555765
o,3,161829.0,1543577393.5593216
c,2,103128.0,1543577393.5658715
o,2,107886.0,1543577393.56868
p,1,161829.0,1543577393.6466699
p,2,107886.0,1543577393.6466978
p,3,161829.0,1543577393.6467109
c,3,161829.0,1543577393.650808
c,1,161829.0,1543577394.0370567
o,1,132916.5,1543577394.057853
o,3,133708.5,1543577394.0610278
o,2,89139.0,1543577394.0645888
o,1,164121.0,1543577394.557049
o,3,163329.0,1543577394.5626128
o,2,108886.0,1543577394.5648692
p,1,164121.0,1543577394.680794
p,2,108886.0,1543577394.6808214
p,3,163329.0,1543577394.6808288
o,2,132461.0,1543577395.0621357
o,1,198691.5,1543577395.068822
o,3,198691.5,1543577395.0819604
p,1,198691.5,1543577395.1851282
p,2,132461.0,1543577395.1851563
p,3,198691.5,1543577395.1851683
o,1,159880.5,1543577395.5600667
o,3,159880.5,1543577395.565931
o,2,106587.0,1543577395.5707688
o,3,123504.0,1543577396.064096
o,2,82336.0,1543577396.0687785
o,1,119799.0,1543577396.0730538
c,2,82336.0,1543577396.0772345
c,3,123504.0,1543577396.1570292
p,1,119799.0,1543577396.1899195
p,2,82336.0,1543577396.18994
p,3,123504.0,1543577396.1899483
c,1,119799.0,1543577396.543321
o,2,109409.0,1543577396.5638394
o,1,167818.5,1543577396.5671606
o,3,164113.5,1543577396.5706747
o,1,145924.5,1543577397.0640821
o,2,97283.0,1543577397.06723
o,3,145924.5,1543577397.0705438
p,1,145924.5,1543577397.1925113
p,2,97283.0,1543577397.192545
p,3,145924.5,1543577397.1925535
o,1,221142.0,1543577397.566466
o,3,221142.0,1543577397.5709462
o,2,147428.0,1543577397.574255
o,1,177516.5,1543577398.0664384
o,3,177964.5,1543577398.0729136
o,2,118643.0,1543577398.0757267
p,1,177516.5,1543577398.2019176
p,2,118643.0,1543577398.2019491
p,3,177964.5,1543577398.2019615
o,1,175605.0,1543577398.567065
o,2,116748.0,1543577398.5709896
o,3,175122.0,1543577398.5777729
c,2,116748.0,1543577398.5822122
c,3,175122.0,1543577398.663459
c,1,175605.0,1543577399.0547495
o,1,190288.5,1543577399.0741956
o,2,126859.0,1543577399.087905
o,3,190288.5,1543577399.0935447
p,1,190288.5,1543577399.2229733
p,2,126859.0,1543577399.2230353
p,3,190288.5,1543577399.2230506
o,1,362374.5,1543577400.0772882
o,2,241583.0,1543577400.0826635
o,3,362374.5,1543577400.085255
p,1,362374.5,1543577400.1543477
p,2,241583.0,1543577400.1543715
p,3,362374.5,1543577400.1543834
o,1,158058.0,1543577400.5807576
o,3,158058.0,1543577400.5866373
o,2,105372.0,1543577400.589683
p,1,158058.0,1543577400.6746209
p,2,105372.0,1543577400.6746585
p,3,158058.0,1543577400.674672
o,1,216133.5,1543577401.0836709
o,2,144089.0,1543577401.0904458
o,3,216133.5,1543577401.097871
c,2,144089.0,1543577401.1059365
c,3,216133.5,1543577401.2139335
c,1,216133.5,1543577401.5616322
o,3,149566.5,1543577401.5832138
o,2,99711.0,1543577401.5869393
o,1,146989.5,1543577401.5896316
p,1,146989.5,1543577401.6792214
p,2,99711.0,1543577401.6792474
p,3,149566.5,1543577401.6792603
o,2,140116.0,1543577402.0857067
o,1,212751.0,1543577402.0910597
o,3,210174.0,1543577402.0976565
o,3,225858.0,1543577402.5870407
o,2,150572.0,1543577402.5898929
o,1,225858.0,1543577402.594381
p,1,225858.0,1543577402.684518
p,2,150572.0,1543577402.684545
p,3,225858.0,1543577402.6845577
o,3,181930.5,1543577403.088946
o,1,181930.5,1543577403.0937574
o,2,121287.0,1543577403.0999017
p,1,181930.5,1543577403.1917427
p,2,121287.0,1543577403.1917708
p,3,181930.5,1543577403.1917825
o,3,172059.0,1543577403.590942
o,2,114706.0,1543577403.5968673
o,1,172059.0,1543577403.6009083
c,2,114706.0,1543577403.6142182
c,3,172059.0,1543577403.7199452
c,1,172059.0,1543577404.0660176
o,1,206320.5,1543577404.092261
o,2,137547.0,1543577404.0972736
o,3,206320.5,1543577404.1023524
p,1,206320.5,1543577404.198212
p,2,137547.0,1543577404.19824
p,3,206320.5,1543577404.1982534
o,1,184710.0,1543577404.5952728
o,2,123140.0,1543577404.6003246
o,3,184710.0,1543577404.6034799
o,3,168019.5,1543577405.0962849
o,1,168019.5,1543577405.0987623
o,2,112013.0,1543577405.1023262
p,1,168019.5,1543577405.2083602
p,2,112013.0,1543577405.208393
p,3,168019.5,1543577405.2084067
o,2,141285.0,1543577405.5965629
o,1,211927.5,1543577405.599446
o,3,211927.5,1543577405.6017532
p,1,211927.5,1543577405.714807
p,2,141285.0,1543577405.7148461
p,3,211927.5,1543577405.7148576
o,3,125566.5,1543577406.0983407
o,2,83711.0,1543577406.1028476
o,1,125566.5,1543577406.1061668
c,2,83711.0,1543577406.1191654
c,3,125566.5,1543577406.237139
c,1,125566.5,1543577406.5711696
o,1,192208.5,1543577406.6016455
o,2,130947.0,1543577406.6064627
o,3,196420.5,1543577406.6105285
p,1,192208.5,1543577406.727811
p,2,130947.0,1543577406.727838
p,3,196420.5,1543577406.7278507
o,3,182148.0,1543577407.100825
o,1,186360.0,1543577407.1064136
o,2,121432.0,1543577407.11371
o,1,178887.0,1543577407.6010146
o,2,119258.0,1543577407.6044214
o,3,178887.0,1543577407.60849
p,1,178887.0,1543577407.7322516
p,2,119258.0,1543577407.732271
p,3,178887.0,1543577407.7322793
o,3,115617.0,1543577408.1053514
o,1,115617.0,1543577408.108423
o,2,77078.0,1543577408.111741
p,1,115617.0,1543577408.2365363
p,2,77078.0,1543577408.2365644
p,3,115617.0,1543577408.2365782
o,1,197029.5,1543577408.6046484
o,2,131353.0,1543577408.6068258
o,3,197029.5,1543577408.610507
c,2,131353.0,1543577408.6245878
c,3,197029.5,1543577408.7434933
c,1,197029.5,1543577409.075999
o,3,111898.5,1543577409.1059256
o,1,111898.5,1543577409.108334
o,2,74599.0,1543577409.1107154
p,1,111898.5,1543577409.2556813
p,2,74599.0,1543577409.255709
p,3,111898.5,1543577409.2557216
o,3,319044.0,1543577410.1551223
o,1,319044.0,1543577410.1574488
o,2,212696.0,1543577410.1610358
p,1,319044.0,1543577410.24575
p,2,212696.0,1543577410.2457771
p,3,319044.0,1543577410.2457912
o,3,214420.5,1543577410.662287
o,2,142947.0,1543577410.6740403
o,1,214420.5,1543577410.6811807
p,1,214420.5,1543577410.766481
p,2,142947.0,1543577410.766507
p,3,214420.5,1543577410.76652
c,2,142947.0,1543577411.131116
o,1,120532.5,1543577411.158436
o,2,80355.0,1543577411.1610174
o,3,120532.5,1543577411.164142
c,3,120532.5,1543577411.2502873
c,1,120532.5,1543577411.583546
o,3,168433.5,1543577411.6709297
o,2,112289.0,1543577411.6758416
o,1,168433.5,1543577411.6842585
p,1,168433.5,1543577411.775732
p,2,112289.0,1543577411.7757633
p,3,168433.5,1543577411.7757773
o,1,185275.5,1543577412.1635036
o,2,123517.0,1543577412.167501
o,3,185275.5,1543577412.174546
p,1,185275.5,1543577412.2807896
p,2,123517.0,1543577412.2808168
p,3,185275.5,1543577412.28083
o,3,193518.0,1543577412.6669877
o,1,193518.0,1543577412.6698444
o,2,129012.0,1543577412.6750062
o,1,151213.5,1543577413.1650138
o,2,100809.0,1543577413.1721025
o,3,151213.5,1543577413.1762073
p,1,151213.5,1543577413.2844174
p,2,100809.0,1543577413.2844427
p,3,151213.5,1543577413.2844512
c,2,100809.0,1543577413.6359503
o,1,178069.5,1543577413.667221
o,2,118713.0,1543577413.6706254
o,3,178069.5,1543577413.6820073
c,3,178069.5,1543577413.77317
p,1,178069.5,1543577413.790207
p,2,118713.0,1543577413.7902365
p,3,178069.5,1543577413.790295
c,1,178069.5,1543577414.0898845
o,1,110616.0,1543577414.1688488
o,2,73744.0,1543577414.172116
o,3,110616.0,1543577414.1763463
o,1,177294.0,1543577414.6700606
o,2,118196.0,1543577414.6777868
o,3,177294.0,1543577414.6816075
p,1,177294.0,1543577414.7972193
p,2,118196.0,1543577414.797246
p,3,177294.0,1543577414.797258
o,1,172090.5,1543577415.171809
o,2,114727.0,1543577415.175429
o,3,172090.5,1543577415.177865
p,1,172090.5,1543577415.3030329
p,2,114727.0,1543577415.30328
p,3,172090.5,1543577415.3032954
o,1,206880.0,1543577415.6725094
o,3,206880.0,1543577415.6765027
o,2,137920.0,1543577415.6790044
c,2,137920.0,1543577416.1081834
o,1,189657.0,1543577416.141852
o,3,189657.0,1543577416.1503305
o,2,126438.0,1543577416.1746275
c,3,189657.0,1543577416.2486908
p,1,189657.0,1543577416.2795174
p,2,126438.0,1543577416.2795453
p,3,189657.0,1543577416.279558
c,1,189657.0,1543577416.5632787
o,1,115411.5,1543577416.6439972
o,2,76941.0,1543577416.6475742
o,3,115411.5,1543577416.6504295
p,1,115411.5,1543577416.783522
p,2,76941.0,1543577416.7836652
p,3,115411.5,1543577416.783736
o,1,68832.0,1543577417.1437917
o,3,68832.0,1543577417.1522381
o,2,45888.0,1543577417.1590426
o,1,135924.0,1543577417.6468668
o,3,135924.0,1543577417.649928
o,2,90616.0,1543577417.6570692
p,1,135924.0,1543577417.788457
p,2,90616.0,1543577417.788476
p,3,135924.0,1543577417.788484
o,1,129559.5,1543577418.1517394
o,2,86373.0,1543577418.1553
o,3,129559.5,1543577418.1607049
p,1,129559.5,1543577418.2922335
p,2,86373.0,1543577418.2922537
p,3,129559.5,1543577418.2922626
c,2,86373.0,1543577418.6127527
o,3,206311.5,1543577418.6561031
o,2,137541.0,1543577418.6601899
o,1,206311.5,1543577418.668137
c,3,206311.5,1543577418.7527726
c,1,206311.5,1543577419.067497
o,1,181650.0,1543577419.2012308
o,2,121100.0,1543577419.2150068
o,3,181650.0,1543577419.2291386
p,1,181650.0,1543577419.3115118
p,2,121100.0,1543577419.311534
p,3,181650.0,1543577419.3115427
o,2,285102.0,1543577420.251861
o,1,427653.0,1543577420.2554455
o,3,427653.0,1543577420.2587385
p,1,427653.0,1543577420.337715
p,2,285102.0,1543577420.3377397
p,3,427653.0,1543577420.337749
o,1,206527.5,1543577420.7477217
o,2,137685.0,1543577420.7513285
o,3,206527.5,1543577420.7541473
p,1,206527.5,1543577420.8467126
p,2,137685.0,1543577420.846734
p,3,206527.5,1543577420.846743
c,2,137685.0,1543577421.1203852
o,1,165423.0,1543577421.2491186
o,3,165423.0,1543577421.254157
o,2,110282.0,1543577421.2577922
c,3,165423.0,1543577421.2654386
c,1,165423.0,1543577421.5760486
o,1,153711.0,1543577421.749559
o,2,102474.0,1543577421.7610526
o,3,153711.0,1543577421.7648683
p,1,153711.0,1543577421.8515725
p,2,102474.0,1543577421.8515997
p,3,153711.0,1543577421.8516169
o,1,207925.5,1543577422.2509544
o,2,138617.0,1543577422.2569146
o,3,207925.5,1543577422.259628
p,1,207925.5,1543577422.3695114
p,2,138617.0,1543577422.3695393
p,3,207925.5,1543577422.3695529
o,1,168676.5,1543577422.7515678
o,3,168676.5,1543577422.7557688
o,2,112451.0,1543577422.759115
o,1,142806.0,1543577423.2530181
o,2,95204.0,1543577423.2561028
o,3,142806.0,1543577423.2590067
p,1,142806.0,1543577423.3758342
p,2,95204.0,1543577423.3758683
p,3,142806.0,1543577423.3758817
c,2,95204.0,1543577423.625795
o,1,118776.0,1543577423.7559738
o,3,118776.0,1543577423.7606225
o,2,79184.0,1543577423.7656662
c,3,118776.0,1543577423.7724562
p,1,118776.0,1543577423.8816588
p,2,79184.0,1543577423.8816874
p,3,118776.0,1543577423.8817005
c,1,118776.0,1543577424.0901127
o,1,90718.5,1543577424.2633443
o,2,60479.0,1543577424.2681222
o,3,90718.5,1543577424.271556
o,2,135820.0,1543577424.762768
o,1,203730.0,1543577424.7662754
o,3,203730.0,1543577424.7712743
p,1,203730.0,1543577424.8867188
p,2,135820.0,1543577424.8867466
p,3,203730.0,1543577424.8867605
o,1,124684.5,1543577425.2601326
o,3,124684.5,1543577425.2690039
o,2,83123.0,1543577425.272053
p,1,124684.5,1543577425.3904302
p,2,83123.0,1543577425.3904512
p,3,124684.5,1543577425.3904605
o,1,132439.5,1543577425.7644782
o,2,88293.0,1543577425.7690454
o,3,132439.5,1543577425.7726226
c,2,88293.0,1543577426.1300533
o,2,112119.0,1543577426.2639563
o,1,168178.5,1543577426.2685504
o,3,168178.5,1543577426.2727017
c,3,168178.5,1543577426.277318
p,1,168178.5,1543577426.395986
p,2,112119.0,1543577426.3960133
p,3,168178.5,1543577426.396026
c,1,168178.5,1543577426.6129627
o,1,147066.0,1543577426.7776966
o,3,147066.0,1543577426.785343
o,2,98044.0,1543577426.7895765
p,1,147066.0,1543577426.9207413
p,2,98044.0,1543577426.9207668
p,3,147066.0,1543577426.9207788
o,2,92128.0,1543577427.2796886
o,1,138192.0,1543577427.282765
o,3,138192.0,1543577427.287202
o,2,141989.0,1543577427.7800276
o,3,212983.5,1543577427.7830396
o,1,212983.5,1543577427.786596
p,1,212983.5,1543577427.9290478
p,2,141989.0,1543577427.9291813
p,3,212983.5,1543577427.9291968
o,2,146132.0,1543577428.281343
o,1,219198.0,1543577428.2842805
o,3,219198.0,1543577428.2885358
p,1,219198.0,1543577428.4341736
p,2,146132.0,1543577428.4342017
p,3,219198.0,1543577428.4342153
c,2,146132.0,1543577428.6351438
c,3,219198.0,1543577428.798409
o,2,129920.0,1543577428.8124301
o,3,194880.0,1543577428.8162403
o,1,194880.0,1543577428.824194
c,1,194880.0,1543577429.1386313
o,3,209574.0,1543577429.2931523
o,2,139716.0,1543577429.2960718
o,1,209574.0,1543577429.306277
p,1,209574.0,1543577429.4397128
p,2,139716.0,1543577429.4397345
p,3,209574.0,1543577429.4397435
o,1,306226.5,1543577430.3373184
o,3,306226.5,1543577430.340673
o,2,204151.0,1543577430.344036
p,1,306226.5,1543577430.394677
p,2,204151.0,1543577430.3947215
p,3,306226.5,1543577430.3947356
o,1,164874.0,1543577430.8446412
o,2,109916.0,1543577430.849767
o,3,164874.0,1543577430.8547947
p,1,164874.0,1543577430.9000113
p,2,109916.0,1543577430.900041
p,3,164874.0,1543577430.9000556
c,2,109916.0,1543577431.14075
c,3,164874.0,1543577431.305044
o,1,139014.0,1543577431.3398194
o,2,92676.0,1543577431.3433437
o,3,139014.0,1543577431.3467748
p,1,139014.0,1543577431.4066186
p,2,92676.0,1543577431.406647
p,3,139014.0,1543577431.4066567
c,1,139014.0,1543577431.647293
o,2,102144.0,1543577431.8443072
o,1,153216.0,1543577431.8483195
o,3,153216.0,1543577431.851865
o,1,157656.0,1543577432.345773
o,2,105104.0,1543577432.3488185
o,3,157656.0,1543577432.3535936
p,1,157656.0,1543577432.4294856
p,2,105104.0,1543577432.4295127
p,3,157656.0,1543577432.4295256
o,2,134421.0,1543577432.8494477
o,1,201631.5,1543577432.8520768
o,3,201631.5,1543577432.8557546
p,1,201631.5,1543577432.9541626
p,2,134421.0,1543577432.9541903
p,3,201631.5,1543577432.9542036
o,1,166734.0,1543577433.348298
o,2,111156.0,1543577433.3515322
o,3,166734.0,1543577433.3556964
c,2,111156.0,1543577433.6467261
c,3,166734.0,1543577433.8099878
o,1,210982.5,1543577433.8526456
o,2,140655.0,1543577433.8569334
o,3,214384.5,1543577433.8618765
p,1,210982.5,1543577433.9692721
p,2,140655.0,1543577433.969302
p,3,214384.5,1543577433.96931
c,1,210982.5,1543577434.1528807
o,2,124224.0,1543577434.3537388
o,3,182934.0,1543577434.3586779
o,1,178048.5,1543577434.3637118
p,1,178048.5,1543577434.4790533
p,2,124224.0,1543577434.4790955
p,3,182934.0,1543577434.4791083
o,2,102284.0,1543577434.8541753
o,3,153426.0,1543577434.8578546
o,1,161713.5,1543577434.8621554
o,1,195307.5,1543577435.35814
o,2,130205.0,1543577435.361532
o,3,195307.5,1543577435.3654494
p,1,195307.5,1543577435.4833074
p,2,130205.0,1543577435.4833338
p,3,195307.5,1543577435.4833472
o,3,165558.0,1543577435.8567567
o,1,165558.0,1543577435.8600864
o,2,110372.0,1543577435.8638663
p,1,165558.0,1543577435.9876883
p,2,110372.0,1543577435.9877148
p,3,165558.0,1543577435.9877279
c,2,110372.0,1543577436.1573894
c,3,165558.0,1543577436.3143187
o,1,81877.5,1543577436.359631
o,3,81877.5,1543577436.3625078
o,2,54585.0,1543577436.3652797
p,1,81877.5,1543577436.4958596
p,2,54585.0,1543577436.4958901
p,3,81877.5,1543577436.495903
c,1,81877.5,1543577436.6582751
o,2,95788.0,1543577436.865826
o,3,143682.0,1543577436.870747
o,1,143682.0,1543577436.8749585
o,3,158427.0,1543577437.3655798
o,2,105618.0,1543577437.3683047
o,1,152610.0,1543577437.3748398
p,1,152610.0,1543577437.5042357
p,2,105618.0,1543577437.5045085
p,3,158427.0,1543577437.5045223
o,1,216661.5,1543577437.865906
o,3,214912.5,1543577437.8692336
o,2,143275.0,1543577437.8729122
p,1,216661.5,1543577438.0103657
p,2,143275.0,1543577438.010416
p,3,214912.5,1543577438.0104308
o,3,124086.0,1543577438.365695
o,1,128154.0,1543577438.3683136
o,2,82724.0,1543577438.3715081
c,2,82724.0,1543577438.6657598
c,3,124086.0,1543577438.8186598
o,3,139558.5,1543577438.8719983
o,2,93039.0,1543577438.8767955
o,1,139558.5,1543577438.8803504
p,1,139558.5,1543577439.0143209
p,2,93039.0,1543577439.0143478
p,3,139558.5,1543577439.014361
c,1,139558.5,1543577439.1631315
o,2,101361.0,1543577439.3732316
o,3,152041.5,1543577439.3817158
o,1,152041.5,1543577439.387989
p,1,152041.5,1543577439.520278
p,2,101361.0,1543577439.5203118
p,3,152041.5,1543577439.520326
o,1,342939.0,1543577440.4114654
o,3,342939.0,1543577440.4209716
o,2,228626.0,1543577440.4346316
p,1,342939.0,1543577440.5120924
p,2,228626.0,1543577440.5121284
p,3,342939.0,1543577440.5121403
o,1,175365.0,1543577440.9015038
o,2,116910.0,1543577440.9047265
o,3,175365.0,1543577440.9082232
p,1,175365.0,1543577441.0162437
p,2,116910.0,1543577441.0162745
p,3,175365.0,1543577441.0162897
c,2,116910.0,1543577441.1802275
c,3,175365.0,1543577441.3246057
o,2,107725.0,1543577441.403316
o,3,161587.5,1543577441.4110453
o,1,161490.0,1543577441.4159906
p,1,161490.0,1543577441.5222304
p,2,107725.0,1543577441.5222795
p,3,161587.5,1543577441.5222936
c,1,161490.0,1543577441.671114
o,1,170463.0,1543577441.9015014
o,2,113577.0,1543577441.904454
o,3,170365.5,1543577441.907772
o,1,165345.0,1543577442.4085138
o,2,110230.0,1543577442.415923
o,3,165345.0,1543577442.4203804
p,1,165345.0,1543577442.565322
p,2,110230.0,1543577442.5653517
p,3,165345.0,1543577442.565366
o,1,172531.5,1543577442.9047918
o,3,172531.5,1543577442.9075227
o,2,115021.0,1543577442.9113138
p,1,172531.5,1543577443.0709689
p,2,115021.0,1543577443.0710242
p,3,172531.5,1543577443.0710561
o,3,167829.0,1543577443.4069839
o,2,111886.0,1543577443.4094894
o,1,166528.5,1543577443.413258
c,2,111886.0,1543577443.6859636
c,3,167829.0,1543577443.8292437
o,3,159358.5,1543577443.9242213
o,1,160659.0,1543577443.9290347
o,2,106239.0,1543577443.9403472
p,1,160659.0,1543577444.0751517
p,2,106239.0,1543577444.075173
p,3,159358.5,1543577444.0751824
c,1,160659.0,1543577444.1787791
o,2,102593.0,1543577444.4186287
o,1,153889.5,1543577444.4210935
o,3,153889.5,1543577444.4248369
p,1,153889.5,1543577444.5782957
p,2,102593.0,1543577444.5783236
p,3,153889.5,1543577444.5783372
o,3,136465.5,1543577444.9302218
o,1,122461.5,1543577444.9434628
o,2,81641.0,1543577444.9500477
o,2,121548.0,1543577445.4231122
o,1,178321.5,1543577445.4259868
o,3,168318.0,1543577445.4292192
p,1,178321.5,1543577445.581949
p,2,121548.0,1543577445.5819733
p,3,168318.0,1543577445.581986
o,3,122977.5,1543577445.8855808
o,1,126978.0,1543577445.888131
o,2,81985.0,1543577445.8913898
p,1,126978.0,1543577446.0476117
p,2,81985.0,1543577446.0476367
p,3,122977.5,1543577446.0476458
c,2,81985.0,1543577446.1546774
c,3,122977.5,1543577446.2959733
o,1,183315.0,1543577446.388577
o,2,122210.0,1543577446.3913789
o,3,183315.0,1543577446.3964093
p,1,183315.0,1543577446.5534008
p,2,122210.0,1543577446.55343
p,3,183315.0,1543577446.553439
c,1,183315.0,1543577446.6495159
o,1,230860.5,1543577446.9118888
o,3,230860.5,1543577446.9257026
o,2,153907.0,1543577446.9415011
o,1,152691.0,1543577447.3935337
o,2,101794.0,1543577447.3989108
o,3,152691.0,1543577447.4026716
p,1,152691.0,1543577447.5584693
p,2,101794.0,1543577447.558496
p,3,152691.0,1543577447.5585067
o,1,185110.5,1543577447.8965673
o,2,123407.0,1543577447.9059808
o,3,185110.5,1543577447.9160242
p,1,185110.5,1543577448.0650568
p,2,123407.0,1543577448.065087
p,3,185110.5,1543577448.0651011
o,1,202617.0,1543577448.395207
o,2,135078.0,1543577448.397751
o,3,202617.0,1543577448.402354
c,2,135078.0,1543577448.6610842
c,3,202617.0,1543577448.8066137
o,1,164379.0,1543577448.8973868
o,3,164379.0,1543577448.9005365
o,2,109586.0,1543577448.9042566
p,1,164379.0,1543577449.0732436
p,2,109586.0,1543577449.0732667
p,3,164379.0,1543577449.0732791
c,1,164379.0,1543577449.158945
o,3,149631.0,1543577449.3988304
o,1,149631.0,1543577449.4028149
o,2,99754.0,1543577449.4064808
p,1,149631.0,1543577449.582059
p,2,99754.0,1543577449.582078
p,3,149631.0,1543577449.5820863
o,3,380169.0,1543577450.5174427
o,1,372820.5,1543577450.5231936
o,2,250996.0,1543577450.528492
p,1,372820.5,1543577450.536632
p,2,250996.0,1543577450.53666
p,3,380169.0,1543577450.536673
o,1,145518.0,1543577451.0235987
o,3,138169.5,1543577451.0351753
o,2,94563.0,1543577451.0513134
p,1,145518.0,1543577451.058158
p,2,94563.0,1543577451.0583973
p,3,138169.5,1543577451.0584147
c,2,94563.0,1543577451.1703787
c,3,138169.5,1543577451.3139694
o,1,166138.5,1543577451.5163958
o,3,166441.5,1543577451.5207784
o,2,110759.0,1543577451.5241451
p,1,166138.5,1543577451.563644
p,2,110759.0,1543577451.563673
p,3,166441.5,1543577451.563687
c,1,166138.5,1543577451.6665077
o,1,101541.0,1543577452.0169563
o,3,101238.0,1543577452.0249987
o,2,67694.0,1543577452.0355525
o,1,151626.0,1543577452.5201757
o,2,101084.0,1543577452.5247352
o,3,151626.0,1543577452.5318837
p,1,151626.0,1543577452.5732715
p,2,101084.0,1543577452.5733
p,3,151626.0,1543577452.573313
o,2,104979.0,1543577453.019079
o,1,157468.5,1543577453.0239663
o,3,157468.5,1543577453.029231
p,1,157468.5,1543577453.090293
p,2,104979.0,1543577453.09032
p,3,157468.5,1543577453.0903342
o,3,117871.5,1543577453.5206385
o,1,117871.5,1543577453.526262
o,2,78581.0,1543577453.5303025
c,2,78581.0,1543577453.6774125
c,3,117871.5,1543577453.822407
o,2,153729.0,1543577454.0234618
o,3,230593.5,1543577454.0268435
o,1,230593.5,1543577454.030026
p,1,230593.5,1543577454.1119697
p,2,153729.0,1543577454.1119995
p,3,230593.5,1543577454.1120129
c,1,230593.5,1543577454.17301
o,3,160083.0,1543577454.5265725
o,2,106722.0,1543577454.5304773
o,1,160083.0,1543577454.534127
p,1,160083.0,1543577454.618498
p,2,106722.0,1543577454.6185777
p,3,160083.0,1543577454.618767
o,1,153703.5,1543577455.0272593
o,2,102469.0,1543577455.0307212
o,3,153703.5,1543577455.033792
o,3,165048.0,1543577455.528071
o,2,110032.0,1543577455.5313926
o,1,165048.0,1543577455.5355186
p,1,165048.0,1543577455.624149
p,2,110032.0,1543577455.624184
p,3,165048.0,1543577455.6242
o,3,146959.5,1543577456.0298097
o,1,146959.5,1543577456.0332596
o,2,97973.0,1543577456.0364866
p,1,146959.5,1543577456.1344855
p,2,97973.0,1543577456.13451
p,3,146959.5,1543577456.134522
c,2,97973.0,1543577456.2074661
c,3,146959.5,1543577456.3457766
o,1,136642.5,1543577456.5634844
o,2,93662.0,1543577456.56855
o,3,140493.0,1543577456.576676
p,1,136642.5,1543577456.6577914
p,2,93662.0,1543577456.6578205
p,3,140493.0,1543577456.6578345
c,1,136642.5,1543577456.67986
o,1,138910.5,1543577457.0352607
o,3,135060.0,1543577457.0383656
o,2,90040.0,1543577457.0433655
o,1,221022.0,1543577457.5436788
o,3,224418.0,1543577457.5490565
o,2,149612.0,1543577457.5527692
p,1,221022.0,1543577457.6625633
p,2,149612.0,1543577457.662592
p,3,224418.0,1543577457.6626058
o,1,129595.5,1543577458.0385308
o,2,84133.0,1543577458.0415802
o,3,126199.5,1543577458.0452852
p,1,129595.5,1543577458.1663947
p,2,84133.0,1543577458.1664245
p,3,126199.5,1543577458.1664379
o,1,115617.0,1543577458.562503
o,3,124360.5,1543577458.5691535
o,2,82907.0,1543577458.584209
c,2,82907.0,1543577458.719789
c,3,124360.5,1543577458.85263
o,1,165099.0,1543577459.0463796
o,2,104237.0,1543577459.0494325
o,3,156355.5,1543577459.053007
p,1,165099.0,1543577459.170374
p,2,104237.0,1543577459.170429
p,3,156355.5,1543577459.170443
c,1,165099.0,1543577459.1864088
o,1,170622.0,1543577459.572833
o,2,113822.0,1543577459.577276
o,3,175783.5,1543577459.5875118
p,1,170622.0,1543577459.6767104
p,2,113822.0,1543577459.6767402
p,3,175783.5,1543577459.6768107
o,1,352048.5,1543577460.5377924
o,3,346887.0,1543577460.542752
o,2,234625.0,1543577460.5526245
p,1,352048.5,1543577460.5642314
p,2,234625.0,1543577460.5642593
p,3,346887.0,1543577460.5642729
o,1,148750.5,1543577461.0399761
o,2,99167.0,1543577461.0486295
o,3,148750.5,1543577461.0529206
p,1,148750.5,1543577461.069082
p,2,99167.0,1543577461.0691085
p,3,148750.5,1543577461.0691223
c,2,99167.0,1543577461.224908
c,3,148750.5,1543577461.357978
o,1,159997.5,1543577461.5438433
o,2,106665.0,1543577461.5516374
o,3,159997.5,1543577461.5568345
p,1,159997.5,1543577461.5727627
p,2,106665.0,1543577461.5728014
p,3,159997.5,1543577461.5728357
c,1,159997.5,1543577461.6919167
o,3,169242.0,1543577462.052444
o,1,169242.0,1543577462.0614684
o,2,112828.0,1543577462.071439
o,1,148764.0,1543577462.544714
o,2,99176.0,1543577462.5484552
o,3,148764.0,1543577462.555609
p,1,148764.0,1543577462.5768602
p,2,99176.0,1543577462.5768862
p,3,148764.0,1543577462.576899
o,1,109384.5,1543577463.0467987
o,2,72923.0,1543577463.062028
o,3,109384.5,1543577463.065121
p,1,109384.5,1543577463.0806267
p,2,72923.0,1543577463.0806558
p,3,109384.5,1543577463.080669
o,1,169603.5,1543577463.5465598
o,3,169603.5,1543577463.554241
o,2,113069.0,1543577463.559086
c,2,113069.0,1543577463.73174
c,3,169603.5,1543577463.8704383
o,1,190123.5,1543577464.075025
p,1,190123.5,1543577464.091438
p,2,113069.0,1543577464.0914679
p,3,169603.5,1543577464.091565
o,3,190123.5,1543577464.0963094
o,2,126749.0,1543577464.1014993
c,1,190123.5,1543577464.1990182
o,1,189172.5,1543577464.5497863
o,2,126115.0,1543577464.553916
o,3,189172.5,1543577464.5580566
p,1,189172.5,1543577464.5962005
p,2,126115.0,1543577464.5962262
p,3,189172.5,1543577464.5962389
o,1,152834.5,1543577465.0534828
o,3,153016.5,1543577465.0588124
o,2,102011.0,1543577465.067183
o,1,114935.0,1543577465.5529463
o,3,114753.0,1543577465.5585866
o,2,76502.0,1543577465.5670018
p,1,114935.0,1543577465.6337256
p,2,76502.0,1543577465.6337528
p,3,114753.0,1543577465.6337652
o,1,143754.0,1543577466.0550318
o,3,143754.0,1543577466.0610027
o,2,95836.0,1543577466.066736
p,1,143754.0,1543577466.139487
p,2,95836.0,1543577466.1395597
p,3,143754.0,1543577466.1395736
c,2,95836.0,1543577466.2374477
c,3,143754.0,1543577466.3783839
o,1,158229.0,1543577466.5544372
o,3,158229.0,1543577466.5637386
o,2,105486.0,1543577466.5675337
p,1,158229.0,1543577466.6451995
p,2,105486.0,1543577466.6452308
p,3,158229.0,1543577466.6452603
c,1,158229.0,1543577466.7034626
o,1,172759.5,1543577467.0738192
o,2,117813.0,1543577467.0902405
o,3,175399.5,1543577467.1040335
o,1,141621.0,1543577467.5570838
o,3,138981.0,1543577467.5634103
o,2,91774.0,1543577467.5665004
p,1,141621.0,1543577467.649698
p,2,91774.0,1543577467.6497262
p,3,138981.0,1543577467.6498494
o,1,130160.0,1543577468.0593495
o,3,132147.0,1543577468.0632036
o,2,88098.0,1543577468.0733619
p,1,130160.0,1543577468.1547766
p,2,88098.0,1543577468.154805
p,3,132147.0,1543577468.154817
o,3,136393.5,1543577468.5619516
o,1,138380.5,1543577468.565152
o,2,90929.0,1543577468.569208
c,2,90929.0,1543577468.7421253
c,3,136393.5,1543577468.8855107
o,1,151222.5,1543577469.0629086
o,2,100815.0,1543577469.0677028
o,3,151222.5,1543577469.0733683
p,1,151222.5,1543577469.1631598
p,2,100815.0,1543577469.1631844
p,3,151222.5,1543577469.1631963
c,1,151222.5,1543577469.2103577
o,1,123217.5,1543577469.5688598
o,2,82145.0,1543577469.5816123
o,3,123217.5,1543577469.5863388
p,1,123217.5,1543577469.6724236
p,2,82145.0,1543577469.6724515
p,3,123217.5,1543577469.6724637
o,2,200075.0,1543577470.566926
o,1,300112.5,1543577470.5704854
o,3,300112.5,1543577470.5737803
p,1,300112.5,1543577470.6391501
p,2,200075.0,1543577470.6391776
p,3,300112.5,1543577470.6391892
o,3,170938.5,1543577471.0683331
o,1,170938.5,1543577471.0727086
o,2,113959.0,1543577471.07594
p,1,170938.5,1543577471.1466613
p,2,113959.0,1543577471.1466818
p,3,170938.5,1543577471.1466908
c,2,113959.0,1543577471.2512074
c,3,170938.5,1543577471.3905628
o,1,128877.0,1543577471.5766602
o,3,129160.5,1543577471.5948527
o,2,88062.5,1543577471.61374
p,1,128877.0,1543577471.6544054
p,2,88062.5,1543577471.6544359
p,3,129160.5,1543577471.6544514
c,1,128877.0,1543577471.7188563
o,1,166114.5,1543577472.07064
o,2,108598.5,1543577472.0771303
o,3,165831.0,1543577472.0809467
o,1,192469.5,1543577472.5773687
o,2,128313.0,1543577472.591426
o,3,192469.5,1543577472.602746
p,1,192469.5,1543577472.660054
p,2,128313.0,1543577472.660082
p,3,192469.5,1543577472.660096
o,2,102537.0,1543577473.0741944
o,1,153805.5,1543577473.0781872
o,3,153805.5,1543577473.083003
p,1,153805.5,1543577473.1647475
p,2,102537.0,1543577473.1647882
p,3,153805.5,1543577473.1647978
o,1,165738.0,1543577473.579901
o,3,165738.0,1543577473.589288
o,2,110492.0,1543577473.6094136
p,1,165738.0,1543577473.6723235
p,2,110492.0,1543577473.6723561
p,3,165738.0,1543577473.672369
c,2,110492.0,1543577473.7618263
c,3,165738.0,1543577473.909137
o,1,165498.0,1543577474.0756283
o,2,110332.0,1543577474.0833635
o,3,165498.0,1543577474.0870504
c,1,165498.0,1543577474.2416449
o,1,151764.0,1543577474.5764346
o,3,151764.0,1543577474.5844064
o,2,101176.0,1543577474.5957744
p,1,151764.0,1543577474.6788852
p,2,101176.0,1543577474.67892
p,3,151764.0,1543577474.6789372
o,1,109708.5,1543577475.0789802
o,2,73139.0,1543577475.0852318
o,3,109708.5,1543577475.0889666
p,1,109708.5,1543577475.1825874
p,2,73139.0,1543577475.1826358
p,3,109708.5,1543577475.1826482
o,1,143511.0,1543577475.5798335
o,3,143511.0,1543577475.5841916
o,2,95674.0,1543577475.5877635
p,1,143511.0,1543577475.6924148
p,2,95674.0,1543577475.6924734
p,3,143511.0,1543577475.692485
o,3,163182.0,1543577476.0521832
o,1,163182.0,1543577476.0571823
o,2,108788.0,1543577476.063175
c,2,108788.0,1543577476.2376127
c,3,163182.0,1543577476.3840106
o,1,189037.5,1543577476.5525455
o,3,189037.5,1543577476.5573506
o,2,126025.0,1543577476.5647676
p,1,189037.5,1543577476.665875
p,2,126025.0,1543577476.6659007
p,3,189037.5,1543577476.665913
c,1,189037.5,1543577476.7178874
o,1,116304.0,1543577477.0539935
o,2,77536.0,1543577477.059267
o,3,116304.0,1543577477.062914
p,1,116304.0,1543577477.1707923
p,2,77536.0,1543577477.1708138
p,3,116304.0,1543577477.1708229
o,1,174432.0,1543577477.554655
o,3,174432.0,1543577477.5607178
o,2,116288.0,1543577477.564128
p,1,174432.0,1543577477.6775098
p,2,116288.0,1543577477.6775377
p,3,174432.0,1543577477.6775513
o,1,131161.5,1543577478.0555165
o,3,131161.5,1543577478.060892
o,2,87441.0,1543577478.0645814
o,1,183245.5,1543577478.558729
o,3,183645.0,1543577478.5686166
o,2,122430.0,1543577478.5745265
p,1,183245.5,1543577478.6827013
p,2,122430.0,1543577478.6827269
p,3,183645.0,1543577478.6827362
c,2,122430.0,1543577478.744184
c,3,183645.0,1543577478.8889327
o,1,130559.0,1543577479.064899
o,2,86773.0,1543577479.0832498
o,3,130159.5,1543577479.0894
p,1,130559.0,1543577479.1907494
p,2,86773.0,1543577479.1907773
p,3,130159.5,1543577479.1907914
c,1,130559.0,1543577479.2250056
o,1,180625.5,1543577479.5604157
o,2,120417.0,1543577479.5637858
o,3,180625.5,1543577479.5668857
p,1,180625.5,1543577479.6956291
p,2,120417.0,1543577479.6956549
p,3,180625.5,1543577479.6956673
o,1,410835.0,1543577480.6433685
o,2,273890.0,1543577480.647963
o,3,410835.0,1543577480.6512065
p,1,410835.0,1543577480.7049904
p,2,273890.0,1543577480.7050498
p,3,410835.0,1543577480.705065
o,1,159091.5,1543577481.1511946
o,2,106061.0,1543577481.1583183
o,3,159091.5,1543577481.1656213
p,1,159091.5,1543577481.2318935
p,2,106061.0,1543577481.2319226
p,3,159091.5,1543577481.2319355
c,2,106061.0,1543577481.2607157
c,3,159091.5,1543577481.397307
o,2,88854.0,1543577481.6441638
o,1,133281.0,1543577481.6509347
o,3,133281.0,1543577481.6592388
c,1,133281.0,1543577481.7320862
p,1,133281.0,1543577481.7420688
p,2,88854.0,1543577481.7420967
p,3,133281.0,1543577481.7421098
o,2,88955.0,1543577482.1561193
o,1,131335.5,1543577482.1698272
o,3,133432.5,1543577482.186256
p,1,131335.5,1543577482.2632768
p,2,88955.0,1543577482.2633064
p,3,133432.5,1543577482.2633193
o,1,179055.0,1543577482.6474109
o,3,176958.0,1543577482.6512206
o,2,117972.0,1543577482.6552932
o,2,103087.0,1543577483.1596649
o,3,154630.5,1543577483.1642141
o,1,154630.5,1543577483.169259
p,1,154630.5,1543577483.2690215
p,2,103087.0,1543577483.2690506
p,3,154630.5,1543577483.2690635
o,1,179016.0,1543577483.651084
o,3,179016.0,1543577483.6545093
o,2,119344.0,1543577483.6585996
c,2,119344.0,1543577483.7793484
p,1,179016.0,1543577483.7836967
p,2,119344.0,1543577483.7837164
p,3,179016.0,1543577483.783725
c,3,179016.0,1543577483.903325
o,2,99857.0,1543577484.1557646
o,1,149785.5,1543577484.163091
o,3,149785.5,1543577484.1685636
c,1,149785.5,1543577484.2392974
p,1,149785.5,1543577484.2884715
p,2,99857.0,1543577484.2885091
p,3,149785.5,1543577484.2885253
o,1,155541.0,1543577484.6557672
o,2,103694.0,1543577484.6587534
o,3,155541.0,1543577484.6631658
p,1,155541.0,1543577484.7925825
p,2,103694.0,1543577484.7926025
p,3,155541.0,1543577484.792612
o,1,149539.5,1543577485.1562877
o,2,99693.0,1543577485.1612203
o,3,149539.5,1543577485.165086
o,1,212479.5,1543577485.6656587
o,3,212479.5,1543577485.678804
o,2,141653.0,1543577485.6892216
p,1,212479.5,1543577485.8072727
p,2,141653.0,1543577485.8073218
p,3,212479.5,1543577485.8073363
o,1,154119.0,1543577486.1624467
o,2,102746.0,1543577486.167608
o,3,154119.0,1543577486.1714606
c,2,102746.0,1543577486.285922
p,1,154119.0,1543577486.31304
p,2,102746.0,1543577486.3130612
p,3,154119.0,1543577486.3130703
c,3,154119.0,1543577486.4108229
o,2,92754.0,1543577486.668384
o,3,139131.0,1543577486.6783485
o,1,139131.0,1543577486.6831174
c,1,139131.0,1543577486.7479267
p,1,139131.0,1543577486.8182569
p,2,92754.0,1543577486.8182828
p,3,139131.0,1543577486.8182921
o,1,212040.0,1543577487.163606
o,3,212040.0,1543577487.1674767
o,2,141360.0,1543577487.1710014
p,1,212040.0,1543577487.3248756
p,2,141360.0,1543577487.324904
p,3,212040.0,1543577487.324937
o,1,139983.0,1543577487.6686034
o,3,139983.0,1543577487.706432
o,2,93322.0,1543577487.7122753
o,1,112216.5,1543577488.164712
o,2,74811.0,1543577488.1782296
o,3,112216.5,1543577488.1877491
p,1,112216.5,1543577488.3307424
p,2,74811.0,1543577488.330771
p,3,112216.5,1543577488.3307843
o,1,224209.5,1543577488.6653917
o,3,224209.5,1543577488.671682
o,2,149473.0,1543577488.6768675
c,2,149473.0,1543577488.7951086
p,1,224209.5,1543577488.851609
p,2,149473.0,1543577488.8516352
p,3,224209.5,1543577488.8516483
c,3,224209.5,1543577488.9175835
o,1,165114.0,1543577489.1671243
o,2,110076.0,1543577489.178983
o,3,165114.0,1543577489.1902435
c,1,165114.0,1543577489.2619216
p,1,165114.0,1543577489.4057899
p,2,110076.0,1543577489.4058132
p,3,165114.0,1543577489.4058237
o,1,152251.5,1543577489.6699271
o,2,101501.0,1543577489.6800091
o,3,152251.5,1543577489.6850255
p,1,152251.5,1543577489.9104047
p,2,101501.0,1543577489.910433
p,3,152251.5,1543577489.910446
o,1,295395.0,1543577490.7041235
o,3,295395.0,1543577490.7096205
o,2,196930.0,1543577490.7130299
p,1,295395.0,1543577490.7719562
p,2,196930.0,1543577490.7719872
p,3,295395.0,1543577490.7720015
o,1,130837.5,1543577491.205119
o,2,87225.0,1543577491.2103636
o,3,130837.5,1543577491.2138789
p,1,130837.5,1543577491.2765348
p,2,87225.0,1543577491.2765636
p,3,130837.5,1543577491.2765772
c,2,87225.0,1543577491.3066502
c,3,130837.5,1543577491.4306395
o,2,0.0,1543577491.706637
o,1,0.0,1543577491.709471
o,3,0.0,1543577491.7130423
c,1,0.0,1543577491.7929037
p,1,0.0,1543577491.8032148
p,2,0.0,1543577491.803244
p,3,0.0,1543577491.8032582
