1 245 1163911
2 245 1163911
3 207 1047964
4 189 964161
5 224 1151222
6 172 861983
7 177 900976
8 212 1035956
9 204 1048823
10 209 1019436
11 190 1018512
12 171 847565
13 285 1466766
14 186 965594
15 193 1003703
16 200 1023405
17 182 850945
18 199 1029014
19 229 1156751
20 203 994691
21 207 1035026
22 170 845837
23 236 1197018
24 204 1014385
25 221 1123338
26 211 1038183
27 218 1146916
28 207 1042662
29 214 1061707
30 234 1203660
31 217 1070727
32 217 1074666
33 194 929018
34 186 890231
35 204 1001030
36 209 1117139
37 204 1012046
38 188 958677
39 209 1094595
40 204 1012850
41 200 1026304
42 205 1070145
43 208 1183781
44 168 899761
45 156 826136
46 225 1127854
47 153 705747
48 247 1224009
49 142 772013
50 176 893781
51 227 1150903
52 233 1170615
53 221 1153378
54 254 1268268
55 202 1023431
56 225 1128700
57 187 1002592
58 193 949894
59 162 730782
60 162 855692
61 197 980498
62 157 738273
63 181 922117
64 140 700873
65 146 766240
66 128 642496
67 135 721279
68 161 832383
69 111 594871
70 162 841310
71 179 921153
72 161 807207
73 175 806355
74 174 856230
75 192 1003451
76 185 902045
77 184 947877
78 140 713099
79 183 975093
80 174 885118
81 161 835008
82 180 832789
83 181 871973
84 149 784740
85 180 926595
86 175 867930
87 164 816863
88 197 993547
89 178 909158
90 169 846549
91 172 888660
92 260 1217510
93 274 1353632
94 266 1398973
95 269 1370543
96 225 1124357
97 149 731526
98 170 854637
99 154 788415
100 177 953992
101 183 898285
102 186 973069
103 148 744763
104 97 506067
105 95 449564
106 151 800008
107 146 806078
108 151 787861
109 141 676744
110 89 482378
111 101 487595
112 114 540680
113 133 628333
114 149 764597
115 168 774252
116 145 743638
117 167 815152
118 205 910070
119 185 928042
120 172 920231
121 145 748039
122 123 613193
123 190 937637
124 177 956748
125 189 967686
126 192 891024
127 172 918756
128 181 983237
129 174 890599
130 181 926538
131 185 909462
132 181 923224
133 195 957126
134 181 933867
135 182 965580
136 181 914026
137 186 927825
138 194 995516
139 187 977628
140 186 936427
141 178 962963
142 186 896479
143 175 943667
144 185 939468
145 191 927090
146 166 857643
147 149 743771
148 200 980613
149 164 829651
150 176 870859
151 136 674879
152 240 1182519
153 224 1078082
154 227 1132128
155 249 1275360
156 260 1296442
157 247 1166761
158 226 1231534
159 261 1271860
160 246 1291916
161 215 1090917
162 202 1059658
163 197 1008783
164 219 1150425
165 164 787782
166 202 1012981
167 221 1136187
168 207 1051840
169 209 1053773
170 211 1072719
171 177 900006
172 205 1031122
173 220 1113111
174 189 1039112
175 210 1169118
176 224 1095070
177 214 1173768
178 206 1092953
179 200 1019910
180 196 1010527
181 164 803621
182 218 1085957
183 216 1093774
184 178 864636
185 212 1088680
186 243 1334842
187 197 986690
188 217 1121041
189 212 1022195
190 203 1037567
191 200 997684
192 207 1024476
193 183 1002100
194 184 922782
195 209 1143714
196 197 1017694
197 170 846824
198 218 1097712
199 200 984407
200 202 1088149
201 177 887546
202 202 1064787
203 213 1026601
204 184 989553
205 217 1166097
206 199 1034012
207 203 1035490
208 212 1079325
209 219 1163218
210 176 922343
211 199 1007115
212 204 1032656
213 228 1127572
214 190 1025386
215 183 873303
216 185 893439
217 199 978815
218 194 1028185
219 180 953269
220 177 861419
221 213 1127165
222 207 1026485
223 180 902509
224 223 1123819
225 208 1001302
226 214 1080300
227 209 1046808
228 192 965459
229 215 1142698
230 202 978022
231 241 1182645
232 217 1099447
233 175 927969
234 182 850020
235 181 901106
236 160 781275
237 184 965471
238 188 944448
239 164 861025
240 195 979838
241 192 1054424
242 189 947694
243 176 915275
244 168 873342
245 149 801462
246 124 620833
247 152 753049
248 153 794178
249 134 709830
250 171 858013
251 178 909583
252 164 866021
253 174 933183
254 163 853437
255 176 798401
256 190 968484
257 159 761734
258 151 783359
259 155 813277
260 163 778576
261 177 894666
262 187 920582
263 184 936011
264 186 960285
265 172 949383
266 196 982100
267 184 953875
268 179 952119
269 180 957007
270 175 876041
271 123 628334
272 135 703523
273 183 977812
274 184 927810
275 182 970731
276 186 951660
277 193 998169
278 200 974968
279 192 1015950
280 188 951987
281 187 1000796
282 190 932145
283 208 1106460
284 226 1152275
285 229 1130214
286 223 1157073
287 196 952980
288 211 1107413
289 173 920287
290 283 1414193
291 287 1445321
292 274 1459427
293 245 1288872
294 204 1052295
295 164 966417
296 229 1175156
297 242 1272048
298 200 1060483
299 171 847326
300 206 1077270
301 216 1069654
302 190 1020258
303 218 1126729
304 179 901083
305 183 909759
306 185 886502
307 179 889756
308 161 869192
309 167 859724
310 187 904284
311 166 909699
312 167 851284
313 198 1029855
314 173 776528
315 178 883297
316 170 891692
317 158 773492
318 131 652281
319 116 644140
320 129 667083
321 68 318013
322 133 700528
323 144 746658
324 131 706855
325 189 987751
326 169 896574
327 193 993691
328 170 905243
329 192 892560
330 180 904302
331 130 652285
332 121 627319
333 106 572537
334 97 487967
335 183 873784
336 242 1158789
337 228 1166176
338 251 1203265
339 238 1216472
340 245 1277860
341 255 1326447
342 240 1238448
343 265 1352246
344 228 1130953
345 227 1095674
346 209 1016626
347 211 1106004
348 189 982448
349 233 1260534
350 232 1235880
351 192 957003
352 196 948196
353 231 1106530
354 203 1052771
355 177 886587
356 207 1010223
357 206 984437
358 186 944208
359 207 1049727
360 201 1001265
361 206 1072865
362 174 880014
363 208 1072358
364 197 1001631
365 207 1011680
366 212 1021354
367 181 864402
368 195 1044958
369 223 1154419
370 206 1033054
371 172 858265
372 146 765105
373 161 827367
374 143 757187
375 153 794614
376 149 783243
377 157 870646
378 146 776910
379 149 752390
380 99 521049
381 118 580105
382 115 615129
383 137 719860
384 153 712624
385 146 800130
386 162 830966
387 168 852382
388 180 916308
389 182 955303
390 165 879609
391 167 925339
392 142 744240
393 168 905173
394 167 836330
395 199 917091
396 173 861590
397 171 871990
398 172 824461
399 192 956682
400 173 891964
401 179 950861
402 174 934079
403 190 956734
404 160 794625
405 161 867928
406 157 811112
407 136 648199
408 162 816003
409 176 867216
410 159 840252
411 171 894698
412 174 864725
413 156 808787
414 179 921349
415 193 930252
416 188 908122
417 185 975513
418 169 843634
419 183 956691
420 189 939972
421 172 877009
422 177 905735
423 183 923852
424 184 918667
425 253 1296397
426 257 1243467
427 289 1428073
428 246 1344003
429 286 1392010
430 220 1211761
431 165 811460
432 200 1040161
433 148 737655
434 260 1262953
435 241 1221686
436 204 1127439
437 148 760005
438 174 883541
439 233 1260196
440 237 1281006
441 195 941265
442 162 869442
443 192 1029822
444 147 759309
445 196 985221
446 211 1105311
447 193 943389
448 283 1399626
449 270 1417031
450 212 1099660
451 192 1006266
452 217 1123421
453 181 907329
454 201 1078655
455 176 893684
456 207 993658
457 230 1159842
458 196 1021105
459 112 583358
460 194 990010
461 156 809258
462 233 1226605
463 198 1002783
464 197 1038504
465 189 913446
466 212 1053672
467 224 1073736
468 173 870609
469 194 937089
470 216 1078119
471 221 1109723
472 225 1101117
473 185 942460
474 214 1091049
475 198 996684
476 206 1049752
477 196 998078
478 198 992102
479 202 1046959
480 217 1123893
481 240 1242770
482 192 954816
483 232 1184216
484 186 965952
485 212 1132087
486 205 1032012
487 177 927667
488 195 970197
489 217 1170727
490 207 994453
491 213 1040759
492 194 1033485
493 222 1183209
494 193 1002281
495 196 1000384
496 205 1046504
497 187 1014778
498 199 1014511
499 209 1059937
500 221 1150109
501 221 1078954
502 171 814485
503 166 826313
504 272 1399548
505 235 1187771
506 124 602380
507 118 629623
508 111 565836
509 109 490150
510 136 651649
511 181 889444
512 171 890199
513 114 603621
514 144 778375
515 162 815088
516 137 703563
517 137 623928
518 124 610859
519 131 626959
520 95 540172
521 135 658606
522 169 866149
523 182 892662
524 145 714820
525 117 566561
526 153 807991
527 180 930327
528 173 891549
529 165 849775
530 180 902802
531 189 962785
532 185 869707
533 176 906833
534 187 965630
535 193 971157
536 184 916695
537 184 909769
538 196 957489
539 188 937718
540 178 958577
541 176 891964
542 187 938991
543 181 916428
544 187 956786
545 182 992801
546 202 940027
547 184 959060
548 186 1012600
549 186 922556
550 183 941683
551 197 961830
552 180 985565
553 191 991382
554 189 997310
555 195 942286
556 188 962201
557 202 1021611
558 191 972485
559 194 1004698
560 174 942498
561 212 1090061
562 197 1002097
563 210 1045233
564 209 1060246
565 186 926674
566 188 965373
567 188 921599
568 211 1087482
569 193 992155
570 203 991305
571 178 896133
572 188 916817
573 191 1009307
574 192 1028494
575 188 996194
576 205 965523
577 189 988174
578 207 998107
579 202 944933
580 188 976793
581 197 952717
582 189 961641
583 175 927277
584 192 965375
585 228 1137896
586 263 1362818
587 255 1246402
588 285 1409613
589 270 1394561
590 222 1116710
591 216 1047551
592 189 1018957
593 197 1032522
594 229 1217420
595 201 1005122
596 211 1106706
597 203 973041
598 213 1148822
599 217 1117872
600 101 454804
